MEME version 5
ALPHABET= ACGU
Background letter frequencies:A 0.25 C 0.25 G 0.25 U 0.25
MOTIF HepG2.XRCC6.1
letter-probability matrix: alength= 4 w= 7
0.000000000000 0.052631578947 0.000000000000 0.947368421053
0.789473684211 0.000000000000 0.157894736842 0.052631578947
0.000000000000 0.947368421053 0.052631578947 0.000000000000
0.052631578947 0.789473684211 0.000000000000 0.157894736842
0.052631578947 0.052631578947 0.736842105263 0.157894736842
0.000000000000 0.052631578947 0.000000000000 0.947368421053
0.000000000000 0.894736842105 0.052631578947 0.052631578947
MOTIF HepG2.XRCC6.6
letter-probability matrix: alength= 4 w= 7
0.000000000000 0.028169014085 0.028169014085 0.943661971831
0.007042253521 0.035211267606 0.957746478873 0.000000000000
0.809859154930 0.007042253521 0.126760563380 0.056338028169
0.042253521127 0.000000000000 0.943661971831 0.014084507042
0.176056338028 0.133802816901 0.676056338028 0.014084507042
0.000000000000 0.042253521127 0.056338028169 0.901408450704
0.000000000000 0.894366197183 0.042253521127 0.063380281690
MOTIF HepG2.XRCC6.4
letter-probability matrix: alength= 4 w= 7
0.730769230769 0.115384615385 0.089743589744 0.064102564103
0.000000000000 0.000000000000 0.064102564103 0.935897435897
0.025641025641 0.025641025641 0.948717948718 0.000000000000
0.833333333333 0.025641025641 0.089743589744 0.051282051282
0.038461538462 0.064102564103 0.743589743590 0.153846153846
0.000000000000 0.012820512821 0.025641025641 0.961538461538
0.038461538462 0.000000000000 0.897435897436 0.064102564103
MOTIF HepG2.XRCC6.7
letter-probability matrix: alength= 4 w= 7
0.111111111111 0.851851851852 0.000000000000 0.037037037037
0.037037037037 0.111111111111 0.000000000000 0.851851851852
0.814814814815 0.037037037037 0.037037037037 0.111111111111
0.000000000000 0.111111111111 0.000000000000 0.888888888889
0.777777777778 0.074074074074 0.037037037037 0.111111111111
0.000000000000 0.851851851852 0.074074074074 0.074074074074
0.000000000000 1.000000000000 0.000000000000 0.000000000000
MOTIF HepG2.XRCC6.2
letter-probability matrix: alength= 4 w= 7
0.016393442623 0.005464480874 0.021857923497 0.956284153005
0.000000000000 0.016393442623 0.912568306011 0.071038251366
0.021857923497 0.841530054645 0.081967213115 0.054644808743
0.027322404372 0.049180327869 0.010928961749 0.912568306011
0.114754098361 0.628415300546 0.202185792350 0.054644808743
0.071038251366 0.016393442623 0.010928961749 0.901639344262
0.000000000000 0.000000000000 0.950819672131 0.049180327869
MOTIF HepG2.XRCC6.3
letter-probability matrix: alength= 4 w= 7
0.000000000000 0.000000000000 0.000000000000 1.000000000000
0.866666666667 0.000000000000 0.000000000000 0.133333333333
0.000000000000 0.066666666667 0.066666666667 0.866666666667
0.800000000000 0.133333333333 0.066666666667 0.000000000000
0.133333333333 0.866666666667 0.000000000000 0.000000000000
0.066666666667 0.933333333333 0.000000000000 0.000000000000
0.066666666667 0.133333333333 0.733333333333 0.066666666667
MOTIF HepG2.XRCC6.5
letter-probability matrix: alength= 4 w= 7
0.089887640449 0.887640449438 0.022471910112 0.000000000000
0.000000000000 0.000000000000 0.022471910112 0.977528089888
0.022471910112 0.000000000000 0.932584269663 0.044943820225
0.033707865169 0.101123595506 0.719101123596 0.146067415730
0.078651685393 0.797752808989 0.078651685393 0.044943820225
0.797752808989 0.112359550562 0.000000000000 0.089887640449
0.000000000000 0.910112359551 0.044943820225 0.044943820225
MOTIF HepG2.XRCC6.0
letter-probability matrix: alength= 4 w= 7
0.904761904762 0.023809523810 0.000000000000 0.071428571429
0.000000000000 0.904761904762 0.047619047619 0.047619047619
0.000000000000 0.000000000000 0.000000000000 1.000000000000
0.047619047619 0.857142857143 0.000000000000 0.095238095238
0.047619047619 0.023809523810 0.000000000000 0.928571428571
0.476190476190 0.023809523810 0.333333333333 0.166666666667
0.047619047619 0.000000000000 0.000000000000 0.952380952381
MOTIF HepG2.XRCC6.9
letter-probability matrix: alength= 4 w= 7
0.850000000000 0.050000000000 0.050000000000 0.050000000000
0.000000000000 0.050000000000 0.150000000000 0.800000000000
0.800000000000 0.050000000000 0.150000000000 0.000000000000
0.000000000000 0.900000000000 0.050000000000 0.050000000000
0.050000000000 0.900000000000 0.000000000000 0.050000000000
0.050000000000 0.100000000000 0.800000000000 0.050000000000
0.000000000000 0.050000000000 0.000000000000 0.950000000000
MOTIF HepG2.XRCC6.8
letter-probability matrix: alength= 4 w= 7
0.014814814815 0.111111111111 0.807407407407 0.066666666667
0.014814814815 0.066666666667 0.000000000000 0.918518518519
0.000000000000 0.000000000000 0.051851851852 0.948148148148
0.000000000000 0.014814814815 0.881481481481 0.103703703704
0.014814814815 0.822222222222 0.125925925926 0.037037037037
0.022222222222 0.140740740741 0.014814814815 0.822222222222
0.029629629630 0.866666666667 0.103703703704 0.000000000000
