MEME version 5
ALPHABET= ACGU
Background letter frequencies:A 0.25 C 0.25 G 0.25 U 0.25
MOTIF HepG2.TIA1.0
letter-probability matrix: alength= 4 w= 7
0.049119060331 0.029364655633 0.029364655633 0.892151628404
0.072076882007 0.637479978644 0.052322477309 0.238120662040
0.015483182061 0.018686599039 0.000000000000 0.965830218900
0.006940736786 0.022957821676 0.011211959423 0.958889482114
0.013881473572 0.002135611319 0.043780032034 0.940202883075
0.039508809397 0.008542445275 0.845702082221 0.106246663107
0.040042712226 0.050186865990 0.840363053924 0.069407367859
MOTIF HepG2.TIA1.2
letter-probability matrix: alength= 4 w= 7
0.074534161491 0.354899930987 0.046928916494 0.523636991028
0.021221532091 0.027432712215 0.007936507937 0.943409247757
0.012249827467 0.025707384403 0.026052449965 0.935990338164
0.021911663216 0.008281573499 0.091959972395 0.877846790890
0.037094547964 0.005175983437 0.634403036577 0.323326432022
0.091787439614 0.014147688061 0.782263630090 0.111801242236
0.058143547274 0.049171842650 0.743271221532 0.149413388544
MOTIF HepG2.TIA1.3
letter-probability matrix: alength= 4 w= 7
0.008900190718 0.020979020979 0.010595465141 0.959525323162
0.025641025641 0.021826658190 0.018648018648 0.933884297521
0.069294342022 0.596948506039 0.045136681500 0.288620470439
0.012926467472 0.022886204704 0.000000000000 0.964187327824
0.010807374444 0.021614748887 0.028395846578 0.939182030091
0.016105107014 0.004873913965 0.277177368086 0.701843610935
0.066539521085 0.061241788515 0.713498622590 0.158720067811
MOTIF HepG2.TIA1.1
letter-probability matrix: alength= 4 w= 7
0.067448680352 0.005865102639 0.797653958944 0.129032258065
0.026392961877 0.055718475073 0.847507331378 0.070381231672
0.038123167155 0.041055718475 0.032258064516 0.888563049853
0.824046920821 0.049853372434 0.035190615836 0.090909090909
0.046920821114 0.794721407625 0.035190615836 0.123167155425
0.014662756598 0.023460410557 0.000000000000 0.961876832845
0.008797653959 0.008797653959 0.017595307918 0.964809384164
MOTIF HepG2.TIA1.4
letter-probability matrix: alength= 4 w= 7
0.010582010582 0.017316017316 0.007696007696 0.964405964406
0.005291005291 0.019721019721 0.010101010101 0.964886964887
0.017316017316 0.024531024531 0.032227032227 0.925925925926
0.063973063973 0.656565656566 0.064935064935 0.214526214526
0.032227032227 0.009139009139 0.010101010101 0.948532948533
0.047619047619 0.009139009139 0.826839826840 0.116402116402
0.066859066859 0.058201058201 0.788840788841 0.086099086099
MOTIF HepG2.TIA1.5
letter-probability matrix: alength= 4 w= 7
0.046511627907 0.000000000000 0.827906976744 0.125581395349
0.023255813953 0.009302325581 0.925581395349 0.041860465116
0.023255813953 0.041860465116 0.037209302326 0.897674418605
0.804651162791 0.037209302326 0.041860465116 0.116279069767
0.018604651163 0.000000000000 0.018604651163 0.962790697674
0.055813953488 0.041860465116 0.706976744186 0.195348837209
0.032558139535 0.009302325581 0.051162790698 0.906976744186
