MEME version 5
ALPHABET= ACGU
Background letter frequencies:A 0.25 C 0.25 G 0.25 U 0.25
MOTIF HepG2.PTBP1.4
letter-probability matrix: alength= 4 w= 7
0.008417508418 0.853254769921 0.000000000000 0.138327721661
0.004489337823 0.082210998878 0.000561167228 0.912738496072
0.026094276094 0.019360269360 0.009820426487 0.944725028058
0.003367003367 0.013748597082 0.001402918070 0.981481481481
0.009820426487 0.767396184063 0.020763187430 0.202020202020
0.017396184063 0.686588103255 0.003647586981 0.292368125701
0.005331088664 0.041526374860 0.000000000000 0.953142536476
MOTIF HepG2.PTBP1.1
letter-probability matrix: alength= 4 w= 7
0.000000000000 0.015377105199 0.001708567244 0.982914327557
0.006590187942 0.778618501342 0.021723212106 0.193068098609
0.006590187942 0.020502806932 0.000000000000 0.972907005126
0.007566512082 0.647791066634 0.035147669026 0.309494752258
0.008054674152 0.023919941421 0.000976324140 0.967049060288
0.004149377593 0.840371003173 0.018061996583 0.137417622651
0.009030998291 0.027581156944 0.000976324140 0.962411520625
MOTIF HepG2.PTBP1.7
letter-probability matrix: alength= 4 w= 7
0.005138452755 0.026548672566 0.005994861547 0.962318013132
0.010562375107 0.628604053668 0.020268341422 0.340565229803
0.013702540679 0.799600342564 0.001712817585 0.184984299172
0.004567513560 0.017699115044 0.000000000000 0.977733371396
0.004852983157 0.017699115044 0.011704253497 0.965743648301
0.001998287182 0.086211818441 0.005138452755 0.906651441621
0.011704253497 0.872966029118 0.015700827862 0.099628889523
MOTIF HepG2.PTBP1.2
letter-probability matrix: alength= 4 w= 7
0.009319181983 0.845715764950 0.005695055656 0.139269997411
0.001553196997 0.013202174476 0.000000000000 0.985244628527
0.004141858659 0.109241522133 0.015531969972 0.871084649236
0.002329795496 0.018638363966 0.001812063163 0.977219777375
0.015273103805 0.846492363448 0.026404348952 0.111830183795
0.008542583484 0.038829924929 0.000000000000 0.952627491587
0.016049702304 0.687289671240 0.033134869273 0.263525757184
MOTIF HepG2.PTBP1.6
letter-probability matrix: alength= 4 w= 7
0.002004008016 0.016432865731 0.002004008016 0.979559118236
0.012024048096 0.766733466934 0.012825651303 0.208416833667
0.004008016032 0.025651302605 0.000000000000 0.970340681363
0.013627254509 0.711823647295 0.011222444890 0.263326653307
0.009619238477 0.024849699399 0.000000000000 0.965531062124
0.006813627255 0.046492985972 0.009218436874 0.937474949900
0.013627254509 0.737875751503 0.016032064128 0.232464929860
MOTIF HepG2.PTBP1.0
letter-probability matrix: alength= 4 w= 7
0.003013258337 0.043390920048 0.002611490558 0.950984331057
0.017677782242 0.653274407393 0.016673362796 0.312374447569
0.012856568903 0.033346725593 0.000000000000 0.953796705504
0.007633587786 0.041984732824 0.009441542788 0.940940136601
0.012454801125 0.684009642427 0.009642426677 0.293893129771
0.009039775010 0.063278425070 0.000000000000 0.927681799920
0.005222981117 0.348734431499 0.005825632784 0.640216954600
MOTIF HepG2.PTBP1.3
letter-probability matrix: alength= 4 w= 7
0.018171160610 0.593786635404 0.014654161782 0.373388042204
0.012016412661 0.785463071512 0.002051582649 0.200468933177
0.004689331770 0.011723329426 0.000000000000 0.983587338804
0.002344665885 0.018757327081 0.007327080891 0.971570926143
0.001465416178 0.082356389215 0.002930832356 0.913247362251
0.011723329426 0.910023446659 0.006447831184 0.071805392732
0.004982415006 0.052168815944 0.000000000000 0.942848769050
MOTIF HepG2.PTBP1.5
letter-probability matrix: alength= 4 w= 7
0.038107752957 0.185282522996 0.265440210250 0.511169513798
0.006570302234 0.014454664915 0.003942181340 0.975032851511
0.011826544021 0.926412614980 0.000000000000 0.061760840999
0.000000000000 0.003942181340 0.000000000000 0.996057818660
0.000000000000 0.015768725361 0.002628120894 0.981603153745
0.003942181340 0.897503285151 0.010512483574 0.088042049934
0.003942181340 0.006570302234 0.002628120894 0.986859395532
