MEME version 5
ALPHABET= ACGU
Background letter frequencies:A 0.25 C 0.25 G 0.25 U 0.25
MOTIF HepG2.PCBP2.1
letter-probability matrix: alength= 4 w= 7
0.008745080892 0.869261040665 0.004809794491 0.117184083953
0.007433318758 0.941189331001 0.000000000000 0.051377350240
0.010056843026 0.632050721469 0.001311762134 0.356580673371
0.125054656756 0.153694796677 0.022299956275 0.698950590293
0.013773502405 0.347616965457 0.020769567118 0.617839965020
0.001749016178 0.930257979886 0.003716659379 0.064276344556
0.005028421513 0.955618714473 0.000000000000 0.039352864014
MOTIF HepG2.PCBP2.2
letter-probability matrix: alength= 4 w= 7
0.009220839096 0.870908252651 0.009220839096 0.110650069156
0.013370216690 0.096357768557 0.006454587367 0.883817427386
0.010603964961 0.126786537575 0.014292300599 0.848317196865
0.001844167819 0.916551406178 0.006454587367 0.075149838635
0.005993545413 0.938681420009 0.004149377593 0.051175656985
0.017519594283 0.145228215768 0.000000000000 0.837252189949
0.013831258645 0.818349469802 0.023974181651 0.143845089903
MOTIF HepG2.PCBP2.0
letter-probability matrix: alength= 4 w= 7
0.242839352428 0.341220423412 0.019925280199 0.396014943960
0.004981320050 0.013698630137 0.000000000000 0.981320049813
0.000000000000 0.978829389788 0.000000000000 0.021170610212
0.000000000000 0.991282689913 0.000000000000 0.008717310087
0.006226650062 0.962640099626 0.000000000000 0.031133250311
0.008717310087 0.026151930262 0.000000000000 0.965130759651
0.004981320050 0.919053549191 0.011207970112 0.064757160648
MOTIF HepG2.PCBP2.5
letter-probability matrix: alength= 4 w= 7
0.010710808179 0.856864654333 0.010710808179 0.121713729309
0.098020123337 0.128529698150 0.004868549172 0.768581629341
0.018825056800 0.095423563778 0.021746186303 0.864005193119
0.002271989614 0.905225576112 0.005842259007 0.086660175268
0.004543979228 0.952612788056 0.000000000000 0.042843232717
0.014605647517 0.873093151574 0.000000000000 0.112301200909
0.043492372606 0.114897760467 0.008114248621 0.833495618306
MOTIF HepG2.PCBP2.3
letter-probability matrix: alength= 4 w= 7
0.007625272331 0.932461873638 0.010893246187 0.049019607843
0.016339869281 0.093681917211 0.002178649237 0.887799564270
0.400871459695 0.176470588235 0.066448801743 0.356209150327
0.000000000000 0.961873638344 0.000000000000 0.038126361656
0.006535947712 0.968409586057 0.000000000000 0.025054466231
0.000000000000 0.972766884532 0.000000000000 0.027233115468
0.009803921569 0.934640522876 0.000000000000 0.055555555556
MOTIF HepG2.PCBP2.4
letter-probability matrix: alength= 4 w= 7
0.018410417602 0.797485406376 0.012572968119 0.171531207903
0.019308486753 0.894476874719 0.003592276605 0.082622361922
0.017512348451 0.909744050292 0.003143242030 0.069600359228
0.017512348451 0.867983834755 0.003143242030 0.111360574764
0.021553659632 0.058823529412 0.008980691513 0.910642119443
0.011225864392 0.118994162551 0.017063313875 0.852716659183
0.005388414908 0.904804669960 0.011225864392 0.078581050741
