MEME version 5
ALPHABET= ACGU
Background letter frequencies:A 0.25 C 0.25 G 0.25 U 0.25
MOTIF HepG2.AGGF1.4
letter-probability matrix: alength= 4 w= 7
0.873831775701 0.056074766355 0.070093457944 0.000000000000
0.934579439252 0.000000000000 0.037383177570 0.028037383178
0.079439252336 0.023364485981 0.883177570093 0.014018691589
0.948598130841 0.018691588785 0.014018691589 0.018691588785
0.920560747664 0.009345794393 0.037383177570 0.032710280374
0.144859813084 0.616822429907 0.079439252336 0.158878504673
0.032710280374 0.028037383178 0.032710280374 0.906542056075
MOTIF HepG2.AGGF1.2
letter-probability matrix: alength= 4 w= 7
0.788759689922 0.029069767442 0.116279069767 0.065891472868
0.891472868217 0.027131782946 0.040697674419 0.040697674419
0.509689922481 0.000000000000 0.062015503876 0.428294573643
0.069767441860 0.025193798450 0.844961240310 0.060077519380
0.908914728682 0.040697674419 0.034883720930 0.015503875969
0.908914728682 0.000000000000 0.050387596899 0.040697674419
0.096899224806 0.027131782946 0.792635658915 0.083333333333
MOTIF HepG2.AGGF1.1
letter-probability matrix: alength= 4 w= 7
0.408320493066 0.000000000000 0.536209553159 0.055469953775
0.069337442219 0.015408320493 0.881355932203 0.033898305085
0.847457627119 0.029275808937 0.104776579353 0.018489984592
0.833590138675 0.007704160247 0.109399075501 0.049306625578
0.063174114022 0.012326656394 0.912172573190 0.012326656394
0.847457627119 0.038520801233 0.083204930663 0.030816640986
0.827426810478 0.015408320493 0.077041602465 0.080123266564
MOTIF HepG2.AGGF1.0
letter-probability matrix: alength= 4 w= 7
0.081081081081 0.028828828829 0.836036036036 0.054054054054
0.899099099099 0.027027027027 0.059459459459 0.014414414414
0.908108108108 0.000000000000 0.055855855856 0.036036036036
0.066666666667 0.012612612613 0.897297297297 0.023423423423
0.873873873874 0.032432432432 0.064864864865 0.028828828829
0.587387387387 0.018018018018 0.036036036036 0.358558558559
0.720720720721 0.043243243243 0.129729729730 0.106306306306
MOTIF HepG2.AGGF1.3
letter-probability matrix: alength= 4 w= 7
0.647737355812 0.013309671695 0.050576752440 0.288376220053
0.277728482697 0.004436557232 0.648624667258 0.069210292813
0.053238686779 0.028393966282 0.918367346939 0.000000000000
0.767524401065 0.031055900621 0.181011535049 0.020408163265
0.858917480035 0.000000000000 0.074534161491 0.066548358474
0.086069210293 0.016858917480 0.879325643301 0.017746228926
0.804791481810 0.055013309672 0.091393078971 0.048802129547
