MEME version 5
ALPHABET= ACGU
Background letter frequencies:A 0.25 C 0.25 G 0.25 U 0.25
MOTIF HepG2.SRSF7.5
letter-probability matrix: alength= 4 w= 7
0.033707865169 0.067415730337 0.898876404494 0.000000000000
0.831460674157 0.044943820225 0.052434456929 0.071161048689
0.086142322097 0.071161048689 0.786516853933 0.056179775281
0.007490636704 0.940074906367 0.011235955056 0.041198501873
0.127340823970 0.052434456929 0.704119850187 0.116104868914
0.007490636704 0.014981273408 0.018726591760 0.958801498127
0.000000000000 0.981273408240 0.018726591760 0.000000000000
MOTIF HepG2.SRSF7.6
letter-probability matrix: alength= 4 w= 7
0.032608695652 0.097826086957 0.027173913043 0.842391304348
0.021739130435 0.086956521739 0.875000000000 0.016304347826
0.956521739130 0.005434782609 0.016304347826 0.021739130435
0.010869565217 0.146739130435 0.842391304348 0.000000000000
0.896739130435 0.038043478261 0.027173913043 0.038043478261
0.059782608696 0.097826086957 0.070652173913 0.771739130435
0.000000000000 0.907608695652 0.065217391304 0.027173913043
MOTIF HepG2.SRSF7.1
letter-probability matrix: alength= 4 w= 7
0.009983361065 0.958402662230 0.000000000000 0.031613976705
0.103161397671 0.041597337770 0.660565723794 0.194675540765
0.000000000000 0.000000000000 0.004991680532 0.995008319468
0.000000000000 0.915141430948 0.073211314476 0.011647254576
0.038269550749 0.044925124792 0.472545757072 0.444259567388
0.013311148087 0.014975041597 0.958402662230 0.013311148087
0.780366056572 0.051580698835 0.116472545757 0.051580698835
MOTIF HepG2.SRSF7.4
letter-probability matrix: alength= 4 w= 7
0.013618677043 0.002918287938 0.006809338521 0.976653696498
0.000000000000 0.000000000000 1.000000000000 0.000000000000
0.167315175097 0.046692607004 0.043774319066 0.742217898833
0.019455252918 0.004863813230 0.975680933852 0.000000000000
0.021400778210 0.000000000000 0.000000000000 0.978599221790
0.000000000000 0.000000000000 0.998054474708 0.001945525292
0.013618677043 0.010700389105 0.000000000000 0.975680933852
MOTIF HepG2.SRSF7.0
letter-probability matrix: alength= 4 w= 7
0.741071428571 0.037946428571 0.214285714286 0.006696428571
0.000000000000 0.000000000000 0.000000000000 1.000000000000
0.000000000000 0.020089285714 0.979910714286 0.000000000000
0.640625000000 0.055803571429 0.044642857143 0.258928571429
0.174107142857 0.015625000000 0.794642857143 0.015625000000
0.017857142857 0.000000000000 0.040178571429 0.941964285714
0.004464285714 0.002232142857 0.988839285714 0.004464285714
MOTIF HepG2.SRSF7.2
letter-probability matrix: alength= 4 w= 7
0.089189189189 0.072972972973 0.724324324324 0.113513513514
0.108108108108 0.054054054054 0.081081081081 0.756756756757
0.000000000000 0.994594594595 0.005405405405 0.000000000000
0.056756756757 0.016216216216 0.062162162162 0.864864864865
0.005405405405 0.008108108108 0.035135135135 0.951351351351
0.000000000000 0.970270270270 0.010810810811 0.018918918919
0.070270270270 0.040540540541 0.835135135135 0.054054054054
MOTIF HepG2.SRSF7.7
letter-probability matrix: alength= 4 w= 7
0.020000000000 0.000000000000 0.010000000000 0.970000000000
0.000000000000 0.050000000000 0.950000000000 0.000000000000
0.775000000000 0.015000000000 0.030000000000 0.180000000000
0.000000000000 0.000000000000 0.965000000000 0.035000000000
0.090000000000 0.120000000000 0.765000000000 0.025000000000
0.915000000000 0.040000000000 0.035000000000 0.010000000000
0.070000000000 0.080000000000 0.145000000000 0.705000000000
MOTIF HepG2.SRSF7.3
letter-probability matrix: alength= 4 w= 7
0.011811023622 0.001574803150 0.014960629921 0.971653543307
0.001574803150 0.000000000000 0.996850393701 0.001574803150
0.025196850394 0.000000000000 0.000000000000 0.974803149606
0.008661417323 0.004724409449 0.981102362205 0.005511811024
0.009448818898 0.000000000000 0.000000000000 0.990551181102
0.000000000000 0.000000000000 1.000000000000 0.000000000000
0.176377952756 0.137007874016 0.083464566929 0.603149606299
MOTIF HepG2.SRSF7.8
letter-probability matrix: alength= 4 w= 7
0.059246954596 0.016057585825 0.908637873754 0.016057585825
0.039313399779 0.022148394241 0.021040974529 0.917497231451
0.040420819491 0.014950166113 0.930232558140 0.014396456257
0.048172757475 0.030454042082 0.028239202658 0.893133997785
0.052048726467 0.023255813953 0.908637873754 0.016057585825
0.048172757475 0.028239202658 0.035437430786 0.888150609081
0.045404208195 0.021040974529 0.901993355482 0.031561461794
