MEME version 5
ALPHABET= ACGU
Background letter frequencies:A 0.25 C 0.25 G 0.25 U 0.25
MOTIF HepG2.CSTF2T.2
letter-probability matrix: alength= 4 w= 7
0.030486486486 0.024216216216 0.938162162162 0.007135135135
0.718918918919 0.048000000000 0.094702702703 0.138378378378
0.072216216216 0.004972972973 0.895351351351 0.027459459459
0.038918918919 0.007567567568 0.934270270270 0.019243243243
0.042594594595 0.022054054054 0.911567567568 0.023783783784
0.035675675676 0.301621621622 0.655135135135 0.007567567568
0.747027027027 0.076756756757 0.118918918919 0.057297297297
MOTIF HepG2.CSTF2T.7
letter-probability matrix: alength= 4 w= 7
0.063067950631 0.200054252001 0.641936796419 0.094941000949
0.813373118134 0.023735250237 0.095890410959 0.067001220670
0.016411230164 0.000406890004 0.975179709752 0.008002170080
0.016546860165 0.005425200054 0.968805099688 0.009222840092
0.046385460464 0.025498440255 0.918621999186 0.009494100095
0.870608978706 0.024277770243 0.050725620507 0.054387630544
0.022921470229 0.016004340160 0.951851349519 0.009222840092
MOTIF HepG2.CSTF2T.0
letter-probability matrix: alength= 4 w= 7
0.013805970149 0.182089552239 0.798134328358 0.005970149254
0.551119402985 0.014738805970 0.373880597015 0.060261194030
0.027425373134 0.057462686567 0.900932835821 0.014179104478
0.822014925373 0.030037313433 0.083395522388 0.064552238806
0.026119402985 0.010447761194 0.935820895522 0.027611940299
0.028358208955 0.006529850746 0.953544776119 0.011567164179
0.030970149254 0.020335820896 0.937873134328 0.010820895522
MOTIF HepG2.CSTF2T.6
letter-probability matrix: alength= 4 w= 7
0.592895476616 0.060311781242 0.180679785331 0.166112956811
0.118834653718 0.004855609507 0.845387170969 0.030922565806
0.025300281114 0.005111167902 0.958343981600 0.011244569384
0.025300281114 0.005877843087 0.955532839254 0.013289036545
0.043444927166 0.036033733708 0.912854587273 0.007666751853
0.871454127268 0.030411449016 0.032200357782 0.065934065934
0.024278047534 0.016355737286 0.948888320981 0.010477894199
MOTIF HepG2.CSTF2T.1
letter-probability matrix: alength= 4 w= 7
0.020223610654 0.002795133180 0.957579743505 0.019401512660
0.015948701085 0.000000000000 0.981091746136 0.002959552779
0.020388030253 0.012824728708 0.966787241039 0.000000000000
0.891647484380 0.022689904637 0.036829990135 0.048832620848
0.012824728708 0.000000000000 0.981091746136 0.006083525156
0.053436369615 0.047024005261 0.887865833607 0.011673791516
0.160144689247 0.457086484709 0.311410720158 0.071358105886
MOTIF HepG2.CSTF2T.3
letter-probability matrix: alength= 4 w= 7
0.023211648027 0.000000000000 0.967714707744 0.009073644229
0.022578603081 0.021734543153 0.950200464233 0.005486389534
0.648660054864 0.011605824014 0.305127664064 0.034606457058
0.018358303440 0.028698037561 0.946191179574 0.006752479426
0.723781388479 0.032285292256 0.192234648660 0.051698670606
0.034817472041 0.014560033762 0.920658366744 0.029964127453
0.035661531969 0.027431947668 0.924245621439 0.012660898924
MOTIF HepG2.CSTF2T.4
letter-probability matrix: alength= 4 w= 7
0.018979409132 0.001969561325 0.963473589973 0.015577439570
0.021844225604 0.000000000000 0.970993733214 0.007162041182
0.034377797672 0.024350940018 0.933930170098 0.007341092211
0.835452103850 0.011101163832 0.126589077887 0.026857654432
0.013070725157 0.023276633841 0.959176365264 0.004476275739
0.564010743062 0.042793196061 0.339122649955 0.054073410922
0.036526410027 0.058191584602 0.878424350940 0.026857654432
MOTIF HepG2.CSTF2T.5
letter-probability matrix: alength= 4 w= 7
0.075369075369 0.094535094535 0.740481740482 0.089614089614
0.074074074074 0.637140637141 0.235431235431 0.053354053354
0.911162911163 0.009842009842 0.048951048951 0.030044030044
0.007252007252 0.001813001813 0.984977984978 0.005957005957
0.006475006475 0.000000000000 0.991193991194 0.002331002331
0.036778036778 0.008547008547 0.947422947423 0.007252007252
0.933695933696 0.014245014245 0.028490028490 0.023569023569
