MEME version 5
ALPHABET= ACGU
Background letter frequencies:A 0.25 C 0.25 G 0.25 U 0.25
MOTIF HepG2.TRA2A.2
letter-probability matrix: alength= 4 w= 7
0.869565217391 0.009661835749 0.043478260870 0.077294685990
0.512077294686 0.004830917874 0.425120772947 0.057971014493
0.019323671498 0.000000000000 0.980676328502 0.000000000000
0.893719806763 0.019323671498 0.086956521739 0.000000000000
0.690821256039 0.014492753623 0.198067632850 0.096618357488
0.198067632850 0.009661835749 0.772946859903 0.019323671498
0.772946859903 0.062801932367 0.111111111111 0.053140096618
MOTIF HepG2.TRA2A.4
letter-probability matrix: alength= 4 w= 7
0.590163934426 0.098360655738 0.262295081967 0.049180327869
0.868852459016 0.032786885246 0.032786885246 0.065573770492
0.967213114754 0.000000000000 0.016393442623 0.016393442623
0.049180327869 0.016393442623 0.934426229508 0.000000000000
0.918032786885 0.016393442623 0.032786885246 0.032786885246
0.934426229508 0.000000000000 0.032786885246 0.032786885246
0.032786885246 0.016393442623 0.918032786885 0.032786885246
MOTIF HepG2.TRA2A.1
letter-probability matrix: alength= 4 w= 7
0.695652173913 0.043478260870 0.130434782609 0.130434782609
0.057971014493 0.000000000000 0.942028985507 0.000000000000
0.956521739130 0.014492753623 0.014492753623 0.014492753623
0.826086956522 0.000000000000 0.057971014493 0.115942028986
0.028985507246 0.028985507246 0.942028985507 0.000000000000
0.869565217391 0.057971014493 0.072463768116 0.000000000000
0.855072463768 0.014492753623 0.028985507246 0.101449275362
MOTIF HepG2.TRA2A.3
letter-probability matrix: alength= 4 w= 7
0.826086956522 0.000000000000 0.043478260870 0.130434782609
0.043478260870 0.000000000000 0.956521739130 0.000000000000
0.782608695652 0.130434782609 0.086956521739 0.000000000000
0.086956521739 0.782608695652 0.086956521739 0.043478260870
0.869565217391 0.086956521739 0.000000000000 0.043478260870
0.913043478261 0.000000000000 0.043478260870 0.043478260870
0.043478260870 0.043478260870 0.913043478261 0.000000000000
MOTIF HepG2.TRA2A.0
letter-probability matrix: alength= 4 w= 7
0.031746031746 0.031746031746 0.936507936508 0.000000000000
0.920634920635 0.015873015873 0.063492063492 0.000000000000
0.904761904762 0.000000000000 0.079365079365 0.015873015873
0.047619047619 0.000000000000 0.952380952381 0.000000000000
0.936507936508 0.047619047619 0.015873015873 0.000000000000
0.873015873016 0.047619047619 0.015873015873 0.063492063492
0.587301587302 0.079365079365 0.253968253968 0.079365079365
