MEME version 5
ALPHABET= ACGU
Background letter frequencies:A 0.25 C 0.25 G 0.25 U 0.25
MOTIF HepG2.CDC40.2
letter-probability matrix: alength= 4 w= 7
0.972222222222 0.000000000000 0.000000000000 0.027777777778
0.027777777778 0.000000000000 0.916666666667 0.055555555556
0.055555555556 0.083333333333 0.750000000000 0.111111111111
0.000000000000 0.000000000000 0.055555555556 0.944444444444
0.055555555556 0.027777777778 0.055555555556 0.861111111111
0.750000000000 0.055555555556 0.083333333333 0.111111111111
0.027777777778 0.833333333333 0.083333333333 0.055555555556
MOTIF HepG2.CDC40.0
letter-probability matrix: alength= 4 w= 7
0.000000000000 0.000000000000 1.000000000000 0.000000000000
0.000000000000 0.000000000000 1.000000000000 0.000000000000
0.000000000000 0.020408163265 0.979591836735 0.000000000000
0.734693877551 0.183673469388 0.081632653061 0.000000000000
0.081632653061 0.081632653061 0.285714285714 0.551020408163
0.836734693878 0.020408163265 0.122448979592 0.020408163265
0.081632653061 0.918367346939 0.000000000000 0.000000000000
MOTIF HepG2.CDC40.3
letter-probability matrix: alength= 4 w= 7
0.024390243902 0.926829268293 0.024390243902 0.024390243902
0.024390243902 0.902439024390 0.000000000000 0.073170731707
0.048780487805 0.000000000000 0.000000000000 0.951219512195
0.024390243902 0.073170731707 0.170731707317 0.731707317073
0.707317073171 0.000000000000 0.097560975610 0.195121951220
0.024390243902 0.048780487805 0.853658536585 0.073170731707
0.024390243902 0.926829268293 0.024390243902 0.024390243902
MOTIF HepG2.CDC40.1
letter-probability matrix: alength= 4 w= 7
0.000000000000 0.057142857143 0.028571428571 0.914285714286
0.914285714286 0.000000000000 0.057142857143 0.028571428571
1.000000000000 0.000000000000 0.000000000000 0.000000000000
0.057142857143 0.028571428571 0.000000000000 0.914285714286
0.142857142857 0.600000000000 0.114285714286 0.142857142857
0.171428571429 0.057142857143 0.714285714286 0.057142857143
0.000000000000 0.000000000000 0.942857142857 0.057142857143
