MEME version 5
ALPHABET= ACGU
Background letter frequencies:A 0.25 C 0.25 G 0.25 U 0.25
MOTIF HepG2.U2AF1.1
letter-probability matrix: alength= 4 w= 7
0.010105649977 0.041341295361 0.012861736334 0.935691318328
0.009186954525 0.033073036288 0.017455213597 0.940284795590
0.071658245292 0.395039044557 0.052824988516 0.480477721635
0.048231511254 0.588883785025 0.059715204410 0.303169499311
0.871382636656 0.022967386311 0.024345429490 0.081304547542
0.029398254479 0.009186954525 0.928801102435 0.032613688562
0.085898024805 0.065686724851 0.777216352779 0.071198897565
MOTIF HepG2.U2AF1.2
letter-probability matrix: alength= 4 w= 7
0.009623549391 0.044438154543 0.009623549391 0.936314746674
0.011038777243 0.071327483725 0.038494197566 0.879139541466
0.019813189924 0.739315029720 0.023209736768 0.217662043589
0.018397962072 0.103594678743 0.000000000000 0.878007359185
0.011038777243 0.090574582508 0.024908010190 0.873478630059
0.016416643080 0.873478630059 0.022926691197 0.087178035664
0.031135012737 0.915652420040 0.001415227852 0.051797339372
MOTIF HepG2.U2AF1.0
letter-probability matrix: alength= 4 w= 7
0.001865671642 0.099813432836 0.000000000000 0.898320895522
0.015858208955 0.303171641791 0.011194029851 0.669776119403
0.058768656716 0.700559701493 0.042910447761 0.197761194030
0.760261194030 0.132462686567 0.010261194030 0.097014925373
0.020522388060 0.865671641791 0.066231343284 0.047574626866
0.928171641791 0.014925373134 0.012126865672 0.044776119403
0.013059701493 0.027052238806 0.925373134328 0.034514925373
MOTIF HepG2.U2AF1.4
letter-probability matrix: alength= 4 w= 7
0.044354838710 0.790322580645 0.064516129032 0.100806451613
0.028225806452 0.895161290323 0.008064516129 0.068548387097
0.830645161290 0.072580645161 0.020161290323 0.076612903226
0.028225806452 0.854838709677 0.032258064516 0.084677419355
0.943548387097 0.024193548387 0.000000000000 0.032258064516
0.028225806452 0.004032258065 0.947580645161 0.020161290323
0.048387096774 0.040322580645 0.818548387097 0.092741935484
MOTIF HepG2.U2AF1.3
letter-probability matrix: alength= 4 w= 7
0.000000000000 0.030805687204 0.016587677725 0.952606635071
0.040284360190 0.741706161137 0.073459715640 0.144549763033
0.028436018957 0.049763033175 0.007109004739 0.914691943128
0.881516587678 0.014218009479 0.021327014218 0.082938388626
0.009478672986 0.000000000000 0.962085308057 0.028436018957
0.033175355450 0.049763033175 0.843601895735 0.073459715640
0.054502369668 0.068720379147 0.087677725118 0.789099526066
MOTIF HepG2.U2AF1.5
letter-probability matrix: alength= 4 w= 7
0.012961941533 0.047710976282 0.006618863762 0.932708218423
0.004412575841 0.048538334253 0.013789299504 0.933259790403
0.009652509653 0.100937672366 0.019856591285 0.869553226696
0.019580805295 0.734693877551 0.033645890789 0.212079426365
0.017098731384 0.107280750138 0.000000000000 0.875620518478
0.012686155543 0.873414230557 0.026475455047 0.087424158853
0.025648097077 0.884169884170 0.003033645891 0.087148372863
