MEME version 5
ALPHABET= ACGU
Background letter frequencies:A 0.25 C 0.25 G 0.25 U 0.25
MOTIF HepG2.SRSF9.2
letter-probability matrix: alength= 4 w= 7
0.064011379801 0.021337126600 0.036984352774 0.877667140825
0.000000000000 0.000000000000 0.988620199147 0.011379800853
0.021337126600 0.015647226174 0.954480796586 0.008534850640
0.938833570413 0.032716927454 0.014224751067 0.014224751067
0.075391180654 0.473684210526 0.106685633001 0.344238975818
0.039829302987 0.833570412518 0.054054054054 0.072546230441
0.073968705548 0.142247510669 0.075391180654 0.708392603129
MOTIF HepG2.SRSF9.4
letter-probability matrix: alength= 4 w= 7
0.168518518519 0.080555555556 0.098148148148 0.652777777778
0.089814814815 0.316666666667 0.485185185185 0.108333333333
0.029629629630 0.880555555556 0.024074074074 0.065740740741
0.031481481481 0.018518518519 0.012037037037 0.937962962963
0.000000000000 0.000000000000 0.988888888889 0.011111111111
0.004629629630 0.010185185185 0.981481481481 0.003703703704
0.958333333333 0.013888888889 0.020370370370 0.007407407407
MOTIF HepG2.SRSF9.3
letter-probability matrix: alength= 4 w= 7
0.111801242236 0.081987577640 0.120496894410 0.685714285714
0.014906832298 0.915527950311 0.040993788820 0.028571428571
0.018633540373 0.000000000000 0.007453416149 0.973913043478
0.000000000000 0.000000000000 1.000000000000 0.000000000000
0.000000000000 0.000000000000 0.996273291925 0.003726708075
0.949068322981 0.017391304348 0.022360248447 0.011180124224
0.120496894410 0.588819875776 0.206211180124 0.084472049689
MOTIF HepG2.SRSF9.1
letter-probability matrix: alength= 4 w= 7
0.033457249071 0.880111524164 0.039962825279 0.046468401487
0.038104089219 0.012081784387 0.008364312268 0.941449814126
0.006505576208 0.000000000000 0.987918215613 0.005576208178
0.004646840149 0.012081784387 0.975836431227 0.007434944238
0.942379182156 0.019516728625 0.022304832714 0.015799256506
0.109665427509 0.592936802974 0.221189591078 0.076208178439
0.078066914498 0.554832713755 0.057620817844 0.309479553903
MOTIF HepG2.SRSF9.0
letter-probability matrix: alength= 4 w= 7
0.360524399126 0.386016023307 0.097596504006 0.155863073562
0.292789512017 0.081573197378 0.114348142753 0.511289147851
0.031318281136 0.860160233066 0.048798252003 0.059723233795
0.022578295703 0.000000000000 0.005826656956 0.971595047342
0.000000000000 0.000000000000 1.000000000000 0.000000000000
0.002184996358 0.004369992717 0.993445010925 0.000000000000
0.932265112891 0.018208302986 0.038601602331 0.010924981792
