MEME version 5
ALPHABET= ACGU
Background letter frequencies:A 0.25 C 0.25 G 0.25 U 0.25
MOTIF HepG2.RBFOX2.2
letter-probability matrix: alength= 4 w= 7
0.013234227701 0.014503263234 0.960478607687 0.011783901378
0.019760696157 0.960116026106 0.014321972444 0.005801305294
0.949238578680 0.028825235678 0.005438723713 0.016497461929
0.000000000000 0.011965192168 0.000000000000 0.988034807832
0.000000000000 0.000000000000 1.000000000000 0.000000000000
0.118020304569 0.599528643945 0.148658448151 0.133792603336
0.335931834663 0.295322697607 0.058375634518 0.310369833212
MOTIF HepG2.RBFOX2.1
letter-probability matrix: alength= 4 w= 7
0.269801324503 0.344768211921 0.239072847682 0.146357615894
0.175496688742 0.068211920530 0.034304635762 0.721986754967
0.000000000000 0.000000000000 1.000000000000 0.000000000000
0.012052980132 0.969801324503 0.010463576159 0.007682119205
0.932847682119 0.035099337748 0.015496688742 0.016556291391
0.004900662252 0.025033112583 0.025165562914 0.944900662252
0.000000000000 0.005430463576 0.994569536424 0.000000000000
MOTIF HepG2.RBFOX2.3
letter-probability matrix: alength= 4 w= 7
0.000000000000 0.000000000000 1.000000000000 0.000000000000
0.000000000000 0.988427299703 0.003857566766 0.007715133531
0.979525222552 0.006231454006 0.008308605341 0.005934718101
0.000000000000 0.025519287834 0.000890207715 0.973590504451
0.000000000000 0.005934718101 0.994065281899 0.000000000000
0.098516320475 0.095548961424 0.234124629080 0.571810089021
0.040059347181 0.082492581602 0.781008902077 0.096439169139
MOTIF HepG2.RBFOX2.0
letter-probability matrix: alength= 4 w= 7
0.162606398591 0.075579688876 0.051951863810 0.709862048723
0.000000000000 0.000000000000 1.000000000000 0.000000000000
0.014235397711 0.985764602289 0.000000000000 0.000000000000
0.962136777223 0.018638098033 0.006750807162 0.012474317581
0.000000000000 0.017904314646 0.013208100969 0.968887584385
0.000000000000 0.000000000000 1.000000000000 0.000000000000
0.155415321397 0.403140592897 0.272820663340 0.168623422366
