MEME version 5
ALPHABET= ACGU
Background letter frequencies:A 0.25 C 0.25 G 0.25 U 0.25
MOTIF HepG2.LIN28B.0
letter-probability matrix: alength= 4 w= 7
0.897694524496 0.005043227666 0.058357348703 0.038904899135
0.065561959654 0.007204610951 0.042507204611 0.884726224784
0.023054755043 0.019452449568 0.913544668588 0.043948126801
0.953170028818 0.013688760807 0.015129682997 0.018011527378
0.024495677233 0.012247838617 0.020172910663 0.943083573487
0.463976945245 0.016570605187 0.471902017291 0.047550432277
0.190922190202 0.594380403458 0.085734870317 0.128962536023
MOTIF HepG2.LIN28B.6
letter-probability matrix: alength= 4 w= 7
0.099303135889 0.134146341463 0.726480836237 0.040069686411
0.831010452962 0.022648083624 0.040069686411 0.106271777003
0.158536585366 0.008710801394 0.778745644599 0.054006968641
0.092334494774 0.010452961672 0.033101045296 0.864111498258
0.008710801394 0.000000000000 0.956445993031 0.034843205575
0.952961672474 0.010452961672 0.024390243902 0.012195121951
0.006968641115 0.012195121951 0.015679442509 0.965156794425
MOTIF HepG2.LIN28B.1
letter-probability matrix: alength= 4 w= 7
0.079617834395 0.000000000000 0.047770700637 0.872611464968
0.035031847134 0.020700636943 0.901273885350 0.042993630573
0.907643312102 0.025477707006 0.036624203822 0.030254777070
0.084394904459 0.000000000000 0.014331210191 0.901273885350
0.042993630573 0.019108280255 0.871019108280 0.066878980892
0.105095541401 0.055732484076 0.808917197452 0.030254777070
0.829617834395 0.049363057325 0.063694267516 0.057324840764
MOTIF HepG2.LIN28B.4
letter-probability matrix: alength= 4 w= 7
0.074695121951 0.025914634146 0.035060975610 0.864329268293
0.035060975610 0.013719512195 0.862804878049 0.088414634146
0.166158536585 0.035060975610 0.750000000000 0.048780487805
0.150914634146 0.006097560976 0.038109756098 0.804878048780
0.012195121951 0.009146341463 0.946646341463 0.032012195122
0.910060975610 0.022865853659 0.035060975610 0.032012195122
0.016768292683 0.018292682927 0.018292682927 0.946646341463
MOTIF HepG2.LIN28B.2
letter-probability matrix: alength= 4 w= 7
0.122743682310 0.116726835138 0.648616125150 0.111913357401
0.109506618532 0.052948255114 0.055354993983 0.782190132371
0.888086642599 0.006016847172 0.073405535499 0.032490974729
0.021660649819 0.004813477738 0.024067388688 0.949458483755
0.016847172082 0.015643802647 0.895306859206 0.072202166065
0.959085439230 0.007220216606 0.013237063779 0.020457280385
0.021660649819 0.009626955475 0.012033694344 0.956678700361
MOTIF HepG2.LIN28B.5
letter-probability matrix: alength= 4 w= 7
0.091038406828 0.029871977240 0.863442389758 0.015647226174
0.894736842105 0.007112375533 0.024182076814 0.073968705548
0.052631578947 0.008534850640 0.907539118065 0.031294452347
0.957325746799 0.008534850640 0.005689900427 0.028449502134
0.032716927454 0.011379800853 0.075391180654 0.880512091038
0.815078236131 0.032716927454 0.073968705548 0.078236130868
0.072546230441 0.064011379801 0.109530583215 0.753911806543
MOTIF HepG2.LIN28B.3
letter-probability matrix: alength= 4 w= 7
0.069642857143 0.007142857143 0.030357142857 0.892857142857
0.019642857143 0.017857142857 0.930357142857 0.032142857143
0.975000000000 0.005357142857 0.003571428571 0.016071428571
0.012500000000 0.028571428571 0.023214285714 0.935714285714
0.817857142857 0.021428571429 0.094642857143 0.066071428571
0.071428571429 0.758928571429 0.060714285714 0.108928571429
0.089285714286 0.800000000000 0.023214285714 0.087500000000
MOTIF HepG2.LIN28B.7
letter-probability matrix: alength= 4 w= 7
0.071794871795 0.022222222222 0.892307692308 0.013675213675
0.892307692308 0.005128205128 0.017094017094 0.085470085470
0.022222222222 0.011965811966 0.911111111111 0.054700854701
0.967521367521 0.011965811966 0.006837606838 0.013675213675
0.015384615385 0.011965811966 0.005128205128 0.967521367521
0.076923076923 0.049572649573 0.080341880342 0.793162393162
0.056410256410 0.639316239316 0.210256410256 0.094017094017
MOTIF HepG2.LIN28B.8
letter-probability matrix: alength= 4 w= 7
0.098901098901 0.010989010989 0.853021978022 0.037087912088
0.168956043956 0.006868131868 0.031593406593 0.792582417582
0.012362637363 0.006868131868 0.947802197802 0.032967032967
0.913461538462 0.017857142857 0.023351648352 0.045329670330
0.035714285714 0.013736263736 0.019230769231 0.931318681319
0.042582417582 0.012362637363 0.082417582418 0.862637362637
0.042582417582 0.068681318681 0.826923076923 0.061813186813
