MEME version 5
ALPHABET= ACGU
Background letter frequencies:A 0.25 C 0.25 G 0.25 U 0.25
MOTIF HepG2.QKI.2
letter-probability matrix: alength= 4 w= 7
0.020534290271 0.831140350877 0.000000000000 0.148325358852
0.000000000000 0.000000000000 0.000000000000 1.000000000000
0.974880382775 0.005582137161 0.000000000000 0.019537480064
0.998803827751 0.000000000000 0.001196172249 0.000000000000
0.045055821372 0.778708133971 0.000000000000 0.176236044657
0.776913875598 0.138755980861 0.011762360447 0.072567783094
0.336523125997 0.059609250399 0.044856459330 0.559011164274
MOTIF HepG2.QKI.1
letter-probability matrix: alength= 4 w= 7
0.131606685740 0.088691462129 0.049390152086 0.730311700045
0.893690709231 0.008884204186 0.020478843548 0.076946243036
0.022436380063 0.842192440897 0.000000000000 0.135371179039
0.000000000000 0.000000000000 0.000000000000 1.000000000000
0.946845354615 0.010540581238 0.000000000000 0.042614064147
0.997590724289 0.002409275711 0.000000000000 0.000000000000
0.048787833158 0.699894594188 0.000000000000 0.251317572655
MOTIF HepG2.QKI.0
letter-probability matrix: alength= 4 w= 7
0.895553691275 0.006431767338 0.022231543624 0.075782997763
0.017058165548 0.840324384787 0.000000000000 0.142617449664
0.000000000000 0.000000000000 0.000000000000 1.000000000000
0.949944071588 0.010766219239 0.000000000000 0.039289709172
1.000000000000 0.000000000000 0.000000000000 0.000000000000
0.056487695749 0.695889261745 0.000000000000 0.247623042506
0.516359060403 0.254893736018 0.010067114094 0.218680089485
MOTIF HepG2.QKI.3
letter-probability matrix: alength= 4 w= 7
0.195521572911 0.318132168214 0.092299290005 0.394046968869
0.010376843255 0.006826870563 0.000000000000 0.982796286182
0.969142545057 0.000000000000 0.006553795740 0.024303659203
0.074822501365 0.886947023484 0.000000000000 0.038230475150
0.000000000000 0.000000000000 0.000000000000 1.000000000000
0.976788640087 0.007373020208 0.000000000000 0.015838339705
0.993719279082 0.006280720918 0.000000000000 0.000000000000
