MEME version 5
ALPHABET= ACGU
Background letter frequencies:A 0.25 C 0.25 G 0.25 U 0.25
MOTIF HepG2.FASTKD2.3
letter-probability matrix: alength= 4 w= 7
0.035087719298 0.771929824561 0.081871345029 0.111111111111
0.023391812865 0.005847953216 0.011695906433 0.959064327485
0.000000000000 0.000000000000 0.976608187135 0.023391812865
0.035087719298 0.023391812865 0.923976608187 0.017543859649
0.807017543860 0.064327485380 0.105263157895 0.023391812865
0.058479532164 0.847953216374 0.064327485380 0.029239766082
0.795321637427 0.105263157895 0.017543859649 0.081871345029
MOTIF HepG2.FASTKD2.1
letter-probability matrix: alength= 4 w= 7
0.065217391304 0.869565217391 0.021739130435 0.043478260870
0.032608695652 0.934782608696 0.000000000000 0.032608695652
0.836956521739 0.076086956522 0.000000000000 0.086956521739
0.717391304348 0.054347826087 0.076086956522 0.152173913043
0.032608695652 0.021739130435 0.076086956522 0.869565217391
0.021739130435 0.000000000000 0.956521739130 0.021739130435
0.086956521739 0.847826086957 0.032608695652 0.032608695652
MOTIF HepG2.FASTKD2.8
letter-probability matrix: alength= 4 w= 7
0.061224489796 0.061224489796 0.755102040816 0.122448979592
0.030612244898 0.040816326531 0.051020408163 0.877551020408
0.000000000000 0.918367346939 0.051020408163 0.030612244898
0.857142857143 0.061224489796 0.020408163265 0.061224489796
0.061224489796 0.030612244898 0.040816326531 0.867346938776
0.010204081633 0.938775510204 0.030612244898 0.020408163265
0.877551020408 0.030612244898 0.030612244898 0.061224489796
MOTIF HepG2.FASTKD2.5
letter-probability matrix: alength= 4 w= 7
0.651162790698 0.139534883721 0.093023255814 0.116279069767
0.031007751938 0.007751937984 0.038759689922 0.922480620155
0.023255813953 0.015503875969 0.868217054264 0.093023255814
0.023255813953 0.000000000000 0.961240310078 0.015503875969
0.922480620155 0.023255813953 0.031007751938 0.023255813953
0.038759689922 0.875968992248 0.062015503876 0.023255813953
0.046511627907 0.906976744186 0.000000000000 0.046511627907
MOTIF HepG2.FASTKD2.7
letter-probability matrix: alength= 4 w= 7
0.079365079365 0.015873015873 0.809523809524 0.095238095238
0.000000000000 0.857142857143 0.095238095238 0.047619047619
0.000000000000 0.936507936508 0.015873015873 0.047619047619
0.031746031746 0.063492063492 0.015873015873 0.888888888889
0.761904761905 0.079365079365 0.047619047619 0.111111111111
0.015873015873 0.936507936508 0.015873015873 0.031746031746
0.841269841270 0.047619047619 0.031746031746 0.079365079365
MOTIF HepG2.FASTKD2.2
letter-probability matrix: alength= 4 w= 7
0.027777777778 0.020833333333 0.020833333333 0.930555555556
0.006944444444 0.055555555556 0.909722222222 0.027777777778
0.062500000000 0.729166666667 0.076388888889 0.131944444444
0.048611111111 0.069444444444 0.729166666667 0.152777777778
0.013888888889 0.909722222222 0.020833333333 0.055555555556
0.027777777778 0.034722222222 0.020833333333 0.916666666667
0.013888888889 0.013888888889 0.083333333333 0.888888888889
MOTIF HepG2.FASTKD2.9
letter-probability matrix: alength= 4 w= 7
0.042944785276 0.018404907975 0.092024539877 0.846625766871
0.018404907975 0.055214723926 0.865030674847 0.061349693252
0.803680981595 0.104294478528 0.024539877301 0.067484662577
0.067484662577 0.000000000000 0.030674846626 0.901840490798
0.036809815951 0.012269938650 0.914110429448 0.036809815951
0.049079754601 0.055214723926 0.883435582822 0.012269938650
0.042944785276 0.852760736196 0.036809815951 0.067484662577
MOTIF HepG2.FASTKD2.6
letter-probability matrix: alength= 4 w= 7
0.013888888889 0.875000000000 0.062500000000 0.048611111111
0.722222222222 0.104166666667 0.062500000000 0.111111111111
0.034722222222 0.006944444444 0.027777777778 0.930555555556
0.000000000000 0.034722222222 0.861111111111 0.104166666667
0.027777777778 0.006944444444 0.937500000000 0.027777777778
0.819444444444 0.055555555556 0.069444444444 0.055555555556
0.027777777778 0.923611111111 0.048611111111 0.000000000000
MOTIF HepG2.FASTKD2.0
letter-probability matrix: alength= 4 w= 7
0.000000000000 0.053691275168 0.087248322148 0.859060402685
0.033557046980 0.744966442953 0.167785234899 0.053691275168
0.939597315436 0.000000000000 0.020134228188 0.040268456376
0.053691275168 0.073825503356 0.818791946309 0.053691275168
0.067114093960 0.859060402685 0.040268456376 0.033557046980
0.067114093960 0.020134228188 0.013422818792 0.899328859060
0.026845637584 0.033557046980 0.912751677852 0.026845637584
MOTIF HepG2.FASTKD2.4
letter-probability matrix: alength= 4 w= 7
0.032258064516 0.096774193548 0.000000000000 0.870967741935
0.806451612903 0.032258064516 0.129032258065 0.032258064516
0.032258064516 0.935483870968 0.000000000000 0.032258064516
0.129032258065 0.774193548387 0.000000000000 0.096774193548
0.064516129032 0.032258064516 0.774193548387 0.129032258065
0.000000000000 0.967741935484 0.032258064516 0.000000000000
0.870967741935 0.064516129032 0.032258064516 0.032258064516
