MEME version 5
ALPHABET= ACGU
Background letter frequencies:A 0.25 C 0.25 G 0.25 U 0.25
MOTIF HepG2.EIF3D.9
letter-probability matrix: alength= 4 w= 7
0.000000000000 0.014492753623 0.956521739130 0.028985507246
0.115942028986 0.565217391304 0.202898550725 0.115942028986
0.014492753623 0.000000000000 0.913043478261 0.072463768116
0.000000000000 0.000000000000 1.000000000000 0.000000000000
0.826086956522 0.028985507246 0.130434782609 0.014492753623
0.840579710145 0.028985507246 0.101449275362 0.028985507246
0.014492753623 0.927536231884 0.043478260870 0.014492753623
MOTIF HepG2.EIF3D.4
letter-probability matrix: alength= 4 w= 7
0.037914691943 0.862559241706 0.075829383886 0.023696682464
0.843601895735 0.033175355450 0.014218009479 0.109004739336
0.014218009479 0.066350710900 0.829383886256 0.090047393365
0.052132701422 0.023696682464 0.042654028436 0.881516587678
0.023696682464 0.028436018957 0.886255924171 0.061611374408
0.066350710900 0.843601895735 0.000000000000 0.090047393365
0.018957345972 0.052132701422 0.023696682464 0.905213270142
MOTIF HepG2.EIF3D.8
letter-probability matrix: alength= 4 w= 7
0.140127388535 0.605095541401 0.108280254777 0.146496815287
0.089171974522 0.127388535032 0.707006369427 0.076433121019
0.949044585987 0.019108280255 0.031847133758 0.000000000000
0.019108280255 0.019108280255 0.961783439490 0.000000000000
0.872611464968 0.038216560510 0.025477707006 0.063694267516
0.038216560510 0.000000000000 0.000000000000 0.961783439490
0.000000000000 0.019108280255 0.006369426752 0.974522292994
MOTIF HepG2.EIF3D.2
letter-probability matrix: alength= 4 w= 7
0.038461538462 0.055555555556 0.799145299145 0.106837606838
0.029914529915 0.089743589744 0.076923076923 0.803418803419
0.034188034188 0.871794871795 0.076923076923 0.017094017094
0.867521367521 0.042735042735 0.012820512821 0.076923076923
0.025641025641 0.042735042735 0.880341880342 0.051282051282
0.012820512821 0.901709401709 0.051282051282 0.034188034188
0.034188034188 0.918803418803 0.017094017094 0.029914529915
MOTIF HepG2.EIF3D.0
letter-probability matrix: alength= 4 w= 7
0.046218487395 0.861344537815 0.050420168067 0.042016806723
0.033613445378 0.941176470588 0.000000000000 0.025210084034
0.878151260504 0.037815126050 0.029411764706 0.054621848739
0.042016806723 0.000000000000 0.315126050420 0.642857142857
0.012605042017 0.021008403361 0.899159663866 0.067226890756
0.021008403361 0.016806722689 0.949579831933 0.012605042017
0.882352941176 0.054621848739 0.033613445378 0.029411764706
MOTIF HepG2.EIF3D.1
letter-probability matrix: alength= 4 w= 7
0.038461538462 0.865384615385 0.019230769231 0.076923076923
0.019230769231 0.019230769231 0.923076923077 0.038461538462
0.019230769231 0.019230769231 0.942307692308 0.019230769231
0.000000000000 0.826923076923 0.115384615385 0.057692307692
0.000000000000 0.134615384615 0.807692307692 0.057692307692
0.730769230769 0.173076923077 0.057692307692 0.038461538462
0.019230769231 0.038461538462 0.038461538462 0.903846153846
MOTIF HepG2.EIF3D.3
letter-probability matrix: alength= 4 w= 7
0.021660649819 0.050541516245 0.061371841155 0.866425992780
0.028880866426 0.851985559567 0.079422382671 0.039711191336
0.851985559567 0.043321299639 0.018050541516 0.086642599278
0.039711191336 0.054151624549 0.851985559567 0.054151624549
0.046931407942 0.855595667870 0.068592057762 0.028880866426
0.083032490975 0.028880866426 0.014440433213 0.873646209386
0.028880866426 0.021660649819 0.880866425993 0.068592057762
MOTIF HepG2.EIF3D.6
letter-probability matrix: alength= 4 w= 7
0.014925373134 0.029850746269 0.910447761194 0.044776119403
0.059701492537 0.000000000000 0.044776119403 0.895522388060
0.791044776119 0.000000000000 0.044776119403 0.164179104478
0.029850746269 0.059701492537 0.044776119403 0.865671641791
0.044776119403 0.701492537313 0.179104477612 0.074626865672
0.000000000000 0.059701492537 0.880597014925 0.059701492537
0.000000000000 0.955223880597 0.029850746269 0.014925373134
MOTIF HepG2.EIF3D.5
letter-probability matrix: alength= 4 w= 7
0.039106145251 0.860335195531 0.072625698324 0.027932960894
0.938547486034 0.000000000000 0.033519553073 0.027932960894
0.016759776536 0.055865921788 0.910614525140 0.016759776536
0.770949720670 0.078212290503 0.083798882682 0.067039106145
0.016759776536 0.016759776536 0.044692737430 0.921787709497
0.016759776536 0.027932960894 0.888268156425 0.067039106145
0.072625698324 0.776536312849 0.072625698324 0.078212290503
MOTIF HepG2.EIF3D.7
letter-probability matrix: alength= 4 w= 7
0.072727272727 0.824242424242 0.072727272727 0.030303030303
0.848484848485 0.060606060606 0.036363636364 0.054545454545
0.806060606061 0.072727272727 0.060606060606 0.060606060606
0.054545454545 0.842424242424 0.072727272727 0.030303030303
0.066666666667 0.012121212121 0.036363636364 0.884848484848
0.018181818182 0.000000000000 0.909090909091 0.072727272727
0.024242424242 0.036363636364 0.890909090909 0.048484848485
