MEME version 5
ALPHABET= ACGU
Background letter frequencies:A 0.25 C 0.25 G 0.25 U 0.25
MOTIF HepG2.DDX3X.5
letter-probability matrix: alength= 4 w= 7
0.018292682927 0.079268292683 0.115853658537 0.786585365854
0.554878048780 0.060975609756 0.317073170732 0.067073170732
0.006097560976 0.018292682927 0.975609756098 0.000000000000
0.036585365854 0.932926829268 0.018292682927 0.012195121951
0.042682926829 0.060975609756 0.853658536585 0.042682926829
0.018292682927 0.054878048780 0.926829268293 0.000000000000
0.000000000000 0.981707317073 0.000000000000 0.018292682927
MOTIF HepG2.DDX3X.0
letter-probability matrix: alength= 4 w= 7
0.009433962264 0.910377358491 0.061320754717 0.018867924528
0.042452830189 0.764150943396 0.061320754717 0.132075471698
0.014150943396 0.028301886792 0.919811320755 0.037735849057
0.023584905660 0.900943396226 0.042452830189 0.033018867925
0.014150943396 0.061320754717 0.886792452830 0.037735849057
0.056603773585 0.882075471698 0.023584905660 0.037735849057
0.023584905660 0.132075471698 0.066037735849 0.778301886792
MOTIF HepG2.DDX3X.6
letter-probability matrix: alength= 4 w= 7
0.000000000000 0.040000000000 0.950000000000 0.010000000000
0.020000000000 0.870000000000 0.090000000000 0.020000000000
0.000000000000 0.000000000000 0.990000000000 0.010000000000
0.010000000000 0.860000000000 0.130000000000 0.000000000000
0.000000000000 0.050000000000 0.900000000000 0.050000000000
0.570000000000 0.130000000000 0.220000000000 0.080000000000
0.000000000000 0.870000000000 0.080000000000 0.050000000000
MOTIF HepG2.DDX3X.7
letter-probability matrix: alength= 4 w= 7
0.002309468822 0.048498845266 0.919168591224 0.030023094688
0.016166281755 0.891454965358 0.069284064665 0.023094688222
0.027713625866 0.840646651270 0.050808314088 0.080831408776
0.011547344111 0.064665127021 0.896073903002 0.027713625866
0.004618937644 0.905311778291 0.066974595843 0.023094688222
0.032332563510 0.833718244804 0.046189376443 0.087759815242
0.034642032333 0.057736720554 0.838337182448 0.069284064665
MOTIF HepG2.DDX3X.4
letter-probability matrix: alength= 4 w= 7
0.028735632184 0.830459770115 0.077586206897 0.063218390805
0.011494252874 0.074712643678 0.887931034483 0.025862068966
0.022988505747 0.867816091954 0.068965517241 0.040229885057
0.045977011494 0.132183908046 0.752873563218 0.068965517241
0.005747126437 0.040229885057 0.919540229885 0.034482758621
0.000000000000 0.931034482759 0.060344827586 0.008620689655
0.025862068966 0.864942528736 0.063218390805 0.045977011494
MOTIF HepG2.DDX3X.8
letter-probability matrix: alength= 4 w= 7
0.043859649123 0.008771929825 0.929824561404 0.017543859649
0.035087719298 0.035087719298 0.912280701754 0.017543859649
0.026315789474 0.903508771930 0.043859649123 0.026315789474
0.000000000000 0.017543859649 0.956140350877 0.026315789474
0.000000000000 0.956140350877 0.008771929825 0.035087719298
0.008771929825 0.096491228070 0.052631578947 0.842105263158
0.526315789474 0.078947368421 0.289473684211 0.105263157895
MOTIF HepG2.DDX3X.2
letter-probability matrix: alength= 4 w= 7
0.056603773585 0.735849056604 0.124528301887 0.083018867925
0.018867924528 0.071698113208 0.879245283019 0.030188679245
0.033962264151 0.837735849057 0.067924528302 0.060377358491
0.018867924528 0.045283018868 0.894339622642 0.041509433962
0.052830188679 0.898113207547 0.026415094340 0.022641509434
0.018867924528 0.049056603774 0.049056603774 0.883018867925
0.000000000000 0.033962264151 0.935849056604 0.030188679245
MOTIF HepG2.DDX3X.3
letter-probability matrix: alength= 4 w= 7
0.022332506203 0.751861042184 0.119106699752 0.106699751861
0.039702233251 0.096774193548 0.756823821340 0.106699751861
0.000000000000 0.074441687345 0.910669975186 0.014888337469
0.004962779156 0.940446650124 0.034739454094 0.019851116625
0.019851116625 0.789081885856 0.146401985112 0.044665012407
0.012406947891 0.029776674938 0.940446650124 0.017369727047
0.007444168734 0.952853598015 0.029776674938 0.009925558313
MOTIF HepG2.DDX3X.1
letter-probability matrix: alength= 4 w= 7
0.309168443497 0.569296375267 0.087420042644 0.034115138593
0.008528784648 0.046908315565 0.921108742004 0.023454157783
0.008528784648 0.933901918977 0.044776119403 0.012793176972
0.038379530917 0.816631130064 0.068230277186 0.076759061834
0.010660980810 0.046908315565 0.904051172708 0.038379530917
0.017057569296 0.865671641791 0.076759061834 0.040511727079
0.029850746269 0.138592750533 0.759061833689 0.072494669510
