MEME version 5
ALPHABET= ACGU
Background letter frequencies:A 0.25 C 0.25 G 0.25 U 0.25
MOTIF HepG2.GTF2F1.1
letter-probability matrix: alength= 4 w= 7
0.027357392317 0.028521536671 0.927823050058 0.016298020955
0.009895227008 0.024447031432 0.952270081490 0.013387660070
0.022118742724 0.015133876601 0.949941792782 0.012805587893
0.008149010477 0.021536670547 0.958672875437 0.011641443539
0.211874272410 0.453434225844 0.103608847497 0.231082654249
0.034924330617 0.022118742724 0.904540162980 0.038416763679
0.002328288708 0.013387660070 0.978463329453 0.005820721769
MOTIF HepG2.GTF2F1.2
letter-probability matrix: alength= 4 w= 7
0.018589743590 0.011538461538 0.953205128205 0.016666666667
0.004487179487 0.016666666667 0.970512820513 0.008333333333
0.151923076923 0.492307692308 0.114102564103 0.241666666667
0.041025641026 0.026282051282 0.894871794872 0.037820512821
0.005128205128 0.016666666667 0.970512820513 0.007692307692
0.021153846154 0.035897435897 0.930128205128 0.012820512821
0.033974358974 0.037179487179 0.906410256410 0.022435897436
MOTIF HepG2.GTF2F1.5
letter-probability matrix: alength= 4 w= 7
0.016789087093 0.000000000000 0.959076600210 0.024134312697
0.014690451207 0.000000000000 0.976915005247 0.008394543547
0.003147953830 0.000000000000 0.988457502623 0.008394543547
0.008394543547 0.004197271773 0.981112277020 0.006295907660
0.035676810073 0.070304302204 0.278069254984 0.615949632739
0.025183630640 0.020986358867 0.416579223505 0.537250786988
0.002098635887 0.000000000000 0.997901364113 0.000000000000
MOTIF HepG2.GTF2F1.6
letter-probability matrix: alength= 4 w= 7
0.086486486486 0.379729729730 0.358108108108 0.175675675676
0.029729729730 0.012162162162 0.920270270270 0.037837837838
0.002702702703 0.001351351351 0.995945945946 0.000000000000
0.000000000000 0.000000000000 1.000000000000 0.000000000000
0.005405405405 0.004054054054 0.990540540541 0.000000000000
0.087837837838 0.068918918919 0.062162162162 0.781081081081
0.002702702703 0.008108108108 0.982432432432 0.006756756757
MOTIF HepG2.GTF2F1.3
letter-probability matrix: alength= 4 w= 7
0.008000000000 0.000000000000 0.992000000000 0.000000000000
0.364000000000 0.057333333333 0.502666666667 0.076000000000
0.033333333333 0.012000000000 0.170666666667 0.784000000000
0.014666666667 0.004000000000 0.976000000000 0.005333333333
0.002666666667 0.000000000000 0.984000000000 0.013333333333
0.010666666667 0.000000000000 0.981333333333 0.008000000000
0.016000000000 0.000000000000 0.969333333333 0.014666666667
MOTIF HepG2.GTF2F1.4
letter-probability matrix: alength= 4 w= 7
0.019502353732 0.034297242771 0.921990585071 0.024209818426
0.029589778077 0.032279757902 0.915265635508 0.022864828514
0.028244788164 0.038332212508 0.913248150639 0.020174848689
0.032279757902 0.017484868863 0.936785474109 0.013449899126
0.014122394082 0.025554808339 0.946872898453 0.013449899126
0.148621385340 0.554808338937 0.118359112307 0.178211163416
0.032952252858 0.032279757902 0.907868190989 0.026899798252
MOTIF HepG2.GTF2F1.0
letter-probability matrix: alength= 4 w= 7
0.003503854240 0.009110021023 0.981779957954 0.005606166783
0.120532585844 0.463910301331 0.187105816398 0.228451296426
0.019621583742 0.020322354590 0.927820602663 0.032235459005
0.003503854240 0.010511562719 0.978976874562 0.007007708479
0.018920812894 0.029432375613 0.941836019622 0.009810791871
0.039943938332 0.036440084093 0.887876664331 0.035739313245
0.045550105116 0.044148563420 0.695865451997 0.214435879467
MOTIF HepG2.GTF2F1.7
letter-probability matrix: alength= 4 w= 7
0.007042253521 0.000000000000 0.980633802817 0.012323943662
0.007042253521 0.002640845070 0.990316901408 0.000000000000
0.023767605634 0.018485915493 0.945422535211 0.012323943662
0.125000000000 0.030809859155 0.064260563380 0.779929577465
0.000000000000 0.000000000000 0.995598591549 0.004401408451
0.007042253521 0.022007042254 0.970950704225 0.000000000000
0.425176056338 0.055457746479 0.463028169014 0.056338028169
MOTIF HepG2.GTF2F1.8
letter-probability matrix: alength= 4 w= 7
0.066582914573 0.050251256281 0.090452261307 0.792713567839
0.006281407035 0.016331658291 0.949748743719 0.027638190955
0.037688442211 0.008793969849 0.939698492462 0.013819095477
0.017587939698 0.000000000000 0.964824120603 0.017587939698
0.031407035176 0.003768844221 0.933417085427 0.031407035176
0.030150753769 0.021356783920 0.938442211055 0.010050251256
0.619346733668 0.103015075377 0.141959798995 0.135678391960
