MEME version 5
ALPHABET= ACGU
Background letter frequencies:A 0.25 C 0.25 G 0.25 U 0.25
MOTIF HepG2.SUPV3L1.3
letter-probability matrix: alength= 4 w= 7
0.000000000000 0.030303030303 0.060606060606 0.909090909091
0.000000000000 1.000000000000 0.000000000000 0.000000000000
0.848484848485 0.060606060606 0.060606060606 0.030303030303
0.000000000000 0.939393939394 0.000000000000 0.060606060606
0.000000000000 0.060606060606 0.030303030303 0.909090909091
0.000000000000 0.848484848485 0.121212121212 0.030303030303
0.121212121212 0.181818181818 0.575757575758 0.121212121212
MOTIF HepG2.SUPV3L1.1
letter-probability matrix: alength= 4 w= 7
0.106382978723 0.063829787234 0.744680851064 0.085106382979
0.893617021277 0.000000000000 0.021276595745 0.085106382979
0.829787234043 0.106382978723 0.021276595745 0.042553191489
0.063829787234 0.021276595745 0.085106382979 0.829787234043
0.000000000000 0.021276595745 0.936170212766 0.042553191489
0.063829787234 0.872340425532 0.000000000000 0.063829787234
0.063829787234 0.021276595745 0.000000000000 0.914893617021
MOTIF HepG2.SUPV3L1.0
letter-probability matrix: alength= 4 w= 7
0.863636363636 0.000000000000 0.045454545455 0.090909090909
0.000000000000 0.000000000000 1.000000000000 0.000000000000
0.000000000000 0.090909090909 0.000000000000 0.909090909091
0.000000000000 0.000000000000 0.000000000000 1.000000000000
0.045454545455 0.681818181818 0.045454545455 0.227272727273
0.045454545455 0.090909090909 0.772727272727 0.090909090909
0.045454545455 0.909090909091 0.045454545455 0.000000000000
MOTIF HepG2.SUPV3L1.2
letter-probability matrix: alength= 4 w= 7
0.066666666667 0.000000000000 0.000000000000 0.933333333333
0.933333333333 0.066666666667 0.000000000000 0.000000000000
0.133333333333 0.866666666667 0.000000000000 0.000000000000
0.066666666667 0.066666666667 0.666666666667 0.200000000000
0.866666666667 0.000000000000 0.066666666667 0.066666666667
0.866666666667 0.000000000000 0.066666666667 0.066666666667
0.133333333333 0.866666666667 0.000000000000 0.000000000000
MOTIF HepG2.SUPV3L1.4
letter-probability matrix: alength= 4 w= 7
0.863636363636 0.000000000000 0.000000000000 0.136363636364
0.090909090909 0.045454545455 0.840909090909 0.022727272727
0.886363636364 0.045454545455 0.022727272727 0.045454545455
0.022727272727 0.045454545455 0.045454545455 0.886363636364
0.022727272727 0.022727272727 0.045454545455 0.909090909091
0.045454545455 0.045454545455 0.022727272727 0.886363636364
0.068181818182 0.818181818182 0.022727272727 0.090909090909
MOTIF HepG2.SUPV3L1.5
letter-probability matrix: alength= 4 w= 7
0.030303030303 0.939393939394 0.000000000000 0.030303030303
0.030303030303 0.030303030303 0.000000000000 0.939393939394
0.636363636364 0.090909090909 0.030303030303 0.242424242424
0.060606060606 0.909090909091 0.030303030303 0.000000000000
0.030303030303 0.939393939394 0.000000000000 0.030303030303
0.030303030303 0.121212121212 0.030303030303 0.818181818182
0.848484848485 0.030303030303 0.060606060606 0.060606060606
