MEME version 5
ALPHABET= ACGU
Background letter frequencies:A 0.25 C 0.25 G 0.25 U 0.25
MOTIF HepG2.BCCIP.3
letter-probability matrix: alength= 4 w= 7
0.030264817150 0.000000000000 0.955863808323 0.013871374527
0.035308953342 0.003783102144 0.955863808323 0.005044136192
0.037831021438 0.020176544767 0.938209331652 0.003783102144
0.899117276166 0.006305170240 0.081967213115 0.012610340479
0.003783102144 0.015132408575 0.970996216898 0.010088272383
0.556116015132 0.039092055485 0.302648171501 0.102143757881
0.054224464061 0.069356872636 0.839848675914 0.036569987390
MOTIF HepG2.BCCIP.8
letter-probability matrix: alength= 4 w= 7
0.921363040629 0.002621231979 0.044560943644 0.031454783748
0.026212319790 0.003931847969 0.958060288336 0.011795543906
0.032765399738 0.032765399738 0.906946264744 0.027522935780
0.148099606815 0.370904325033 0.446920052425 0.034076015727
0.954128440367 0.003931847969 0.017038007864 0.024901703801
0.006553079948 0.000000000000 0.993446920052 0.000000000000
0.023591087811 0.019659239843 0.951507208388 0.005242463958
MOTIF HepG2.BCCIP.4
letter-probability matrix: alength= 4 w= 7
0.021212121212 0.030303030303 0.927272727273 0.021212121212
0.578787878788 0.016666666667 0.363636363636 0.040909090909
0.028787878788 0.039393939394 0.896969696970 0.034848484848
0.883333333333 0.019696969697 0.053030303030 0.043939393939
0.036363636364 0.018181818182 0.922727272727 0.022727272727
0.042424242424 0.007575757576 0.940909090909 0.009090909091
0.034848484848 0.031818181818 0.922727272727 0.010606060606
MOTIF HepG2.BCCIP.7
letter-probability matrix: alength= 4 w= 7
0.719367588933 0.011857707510 0.225296442688 0.043478260870
0.003952569170 0.011857707510 0.984189723320 0.000000000000
0.873517786561 0.011857707510 0.071146245059 0.043478260870
0.019762845850 0.003952569170 0.956521739130 0.019762845850
0.031620553360 0.003952569170 0.964426877470 0.000000000000
0.043478260870 0.023715415020 0.905138339921 0.027667984190
0.213438735178 0.640316205534 0.098814229249 0.047430830040
MOTIF HepG2.BCCIP.5
letter-probability matrix: alength= 4 w= 7
0.016233766234 0.006493506494 0.931818181818 0.045454545455
0.019480519481 0.022727272727 0.941558441558 0.016233766234
0.051948051948 0.590909090909 0.344155844156 0.012987012987
0.870129870130 0.016233766234 0.090909090909 0.022727272727
0.000000000000 0.000000000000 1.000000000000 0.000000000000
0.009740259740 0.022727272727 0.967532467532 0.000000000000
0.071428571429 0.733766233766 0.172077922078 0.022727272727
MOTIF HepG2.BCCIP.1
letter-probability matrix: alength= 4 w= 7
0.102236421725 0.094249201278 0.699680511182 0.103833865815
0.083067092652 0.623003194888 0.198083067093 0.095846645367
0.936102236422 0.006389776358 0.035143769968 0.022364217252
0.009584664537 0.000000000000 0.985623003195 0.004792332268
0.009584664537 0.003194888179 0.987220447284 0.000000000000
0.031948881789 0.009584664537 0.950479233227 0.007987220447
0.974440894569 0.000000000000 0.015974440895 0.009584664537
MOTIF HepG2.BCCIP.2
letter-probability matrix: alength= 4 w= 7
0.047473200613 0.009188361409 0.918836140888 0.024502297090
0.018376722818 0.022970903522 0.954058192956 0.004594180704
0.736600306279 0.009188361409 0.225114854518 0.029096477795
0.016845329250 0.035222052067 0.924961715161 0.022970903522
0.748851454824 0.030627871363 0.143950995406 0.076569678407
0.052067381317 0.015313935681 0.892802450230 0.039816232772
0.047473200613 0.030627871363 0.909647779479 0.012251148545
MOTIF HepG2.BCCIP.0
letter-probability matrix: alength= 4 w= 7
0.085616438356 0.201369863014 0.567808219178 0.145205479452
0.891095890411 0.010958904110 0.065068493151 0.032876712329
0.028082191781 0.000000000000 0.965068493151 0.006849315068
0.038356164384 0.013698630137 0.927397260274 0.020547945205
0.049315068493 0.159589041096 0.776027397260 0.015068493151
0.913698630137 0.011643835616 0.034931506849 0.039726027397
0.022602739726 0.016438356164 0.952054794521 0.008904109589
MOTIF HepG2.BCCIP.6
letter-probability matrix: alength= 4 w= 7
0.008230452675 0.016460905350 0.967078189300 0.008230452675
0.888888888889 0.016460905350 0.053497942387 0.041152263374
0.020576131687 0.000000000000 0.967078189300 0.012345679012
0.053497942387 0.020576131687 0.893004115226 0.032921810700
0.065843621399 0.094650205761 0.798353909465 0.041152263374
0.123456790123 0.744855967078 0.123456790123 0.008230452675
0.860082304527 0.057613168724 0.061728395062 0.020576131687
