MEME version 5
ALPHABET= ACGU
Background letter frequencies:A 0.25 C 0.25 G 0.25 U 0.25
MOTIF HepG2.BUD13.0
letter-probability matrix: alength= 4 w= 7
0.184768211921 0.648344370861 0.133774834437 0.033112582781
0.903973509934 0.017880794702 0.035761589404 0.042384105960
0.021854304636 0.009271523179 0.962251655629 0.006622516556
0.013245033113 0.011258278146 0.975496688742 0.000000000000
0.003973509934 0.011920529801 0.015894039735 0.968211920530
0.419205298013 0.028476821192 0.546357615894 0.005960264901
0.784768211921 0.085430463576 0.082781456954 0.047019867550
MOTIF HepG2.BUD13.6
letter-probability matrix: alength= 4 w= 7
0.697674418605 0.112403100775 0.085271317829 0.104651162791
0.038759689922 0.000000000000 0.027131782946 0.934108527132
0.007751937984 0.034883720930 0.906976744186 0.050387596899
0.050387596899 0.003875968992 0.930232558140 0.015503875969
0.852713178295 0.050387596899 0.073643410853 0.023255813953
0.054263565891 0.868217054264 0.065891472868 0.011627906977
0.050387596899 0.868217054264 0.027131782946 0.054263565891
MOTIF HepG2.BUD13.2
letter-probability matrix: alength= 4 w= 7
0.882754342432 0.021091811414 0.055210918114 0.040942928040
0.033498759305 0.006823821340 0.944168734491 0.015508684864
0.004962779156 0.008064516129 0.983250620347 0.003722084367
0.014267990074 0.016749379653 0.019851116625 0.949131513648
0.640818858561 0.043424317618 0.297146401985 0.018610421836
0.733250620347 0.055210918114 0.084987593052 0.126550868486
0.026054590571 0.096153846154 0.854838709677 0.022952853598
MOTIF HepG2.BUD13.1
letter-probability matrix: alength= 4 w= 7
0.015021459227 0.004291845494 0.946351931330 0.034334763948
0.008583690987 0.010729613734 0.961373390558 0.019313304721
0.023605150215 0.019313304721 0.006437768240 0.950643776824
0.864806866953 0.025751072961 0.066523605150 0.042918454936
0.246781115880 0.062231759657 0.133047210300 0.557939914163
0.021459227468 0.023605150215 0.918454935622 0.036480686695
0.045064377682 0.025751072961 0.064377682403 0.864806866953
MOTIF HepG2.BUD13.4
letter-probability matrix: alength= 4 w= 7
0.005354752343 0.000000000000 0.989290495315 0.005354752343
0.013386880857 0.004016064257 0.010709504685 0.971887550201
0.061579651941 0.006693440428 0.923694779116 0.008032128514
0.935742971888 0.010709504685 0.034805890228 0.018741633199
0.000000000000 0.000000000000 0.991967871486 0.008032128514
0.028112449799 0.074966532798 0.068273092369 0.828647925033
0.467202141901 0.147255689424 0.317269076305 0.068273092369
MOTIF HepG2.BUD13.5
letter-probability matrix: alength= 4 w= 7
0.074175824176 0.005494505495 0.043956043956 0.876373626374
0.019230769231 0.054945054945 0.862637362637 0.063186813187
0.766483516484 0.090659340659 0.087912087912 0.054945054945
0.060439560440 0.000000000000 0.082417582418 0.857142857143
0.013736263736 0.008241758242 0.942307692308 0.035714285714
0.079670329670 0.030219780220 0.870879120879 0.019230769231
0.890109890110 0.035714285714 0.038461538462 0.035714285714
MOTIF HepG2.BUD13.3
letter-probability matrix: alength= 4 w= 7
0.022360248447 0.036024844720 0.021118012422 0.920496894410
0.000000000000 0.045962732919 0.016149068323 0.937888198758
0.048447204969 0.095652173913 0.111801242236 0.744099378882
0.043478260870 0.817391304348 0.065838509317 0.073291925466
0.924223602484 0.014906832298 0.011180124224 0.049689440994
0.034782608696 0.000000000000 0.935403726708 0.029813664596
0.093167701863 0.039751552795 0.824844720497 0.042236024845
