MEME version 5
ALPHABET= ACGU
Background letter frequencies:A 0.25 C 0.25 G 0.25 U 0.25
MOTIF HepG2.GRWD1.0
letter-probability matrix: alength= 4 w= 7
0.000000000000 0.988104089219 0.009665427509 0.002230483271
0.836431226766 0.014869888476 0.035687732342 0.113011152416
0.013382899628 0.011895910781 0.010408921933 0.964312267658
0.005204460967 0.892193308550 0.055018587361 0.047583643123
0.051301115242 0.109293680297 0.812639405204 0.026765799257
0.861710037175 0.012639405204 0.030483271375 0.095167286245
0.046840148699 0.131598513011 0.768029739777 0.053531598513
MOTIF HepG2.GRWD1.7
letter-probability matrix: alength= 4 w= 7
0.035714285714 0.830357142857 0.089285714286 0.044642857143
0.866071428571 0.071428571429 0.014880952381 0.047619047619
0.931547619048 0.008928571429 0.041666666667 0.017857142857
0.041666666667 0.047619047619 0.880952380952 0.029761904762
0.068452380952 0.854166666667 0.059523809524 0.017857142857
0.907738095238 0.059523809524 0.014880952381 0.017857142857
0.773809523810 0.038690476190 0.113095238095 0.074404761905
MOTIF HepG2.GRWD1.2
letter-probability matrix: alength= 4 w= 7
0.023364485981 0.008411214953 0.021028037383 0.947196261682
0.010280373832 0.033177570093 0.876168224299 0.080373831776
0.044859813084 0.025700934579 0.904205607477 0.025233644860
0.865887850467 0.053271028037 0.055140186916 0.025700934579
0.074766355140 0.772897196262 0.123364485981 0.028971962617
0.528971962617 0.434112149533 0.024299065421 0.012616822430
0.754205607477 0.058878504673 0.076168224299 0.110747663551
MOTIF HepG2.GRWD1.3
letter-probability matrix: alength= 4 w= 7
0.026541095890 0.897260273973 0.052226027397 0.023972602740
0.725171232877 0.133561643836 0.056506849315 0.084760273973
0.044520547945 0.012842465753 0.033390410959 0.909246575342
0.006849315068 0.151541095890 0.779965753425 0.061643835616
0.029109589041 0.006849315068 0.951198630137 0.012842465753
0.909246575342 0.035102739726 0.032534246575 0.023116438356
0.017979452055 0.892979452055 0.063356164384 0.025684931507
MOTIF HepG2.GRWD1.1
letter-probability matrix: alength= 4 w= 7
0.666666666667 0.168874172185 0.061810154525 0.102649006623
0.023178807947 0.005518763797 0.028697571744 0.942604856512
0.015452538631 0.071743929360 0.854304635762 0.058498896247
0.027593818985 0.017660044150 0.944812362031 0.009933774834
0.938189845475 0.019867549669 0.027593818985 0.014348785872
0.037527593819 0.870860927152 0.064017660044 0.027593818985
0.077262693157 0.812362030905 0.029801324503 0.080573951435
MOTIF HepG2.GRWD1.5
letter-probability matrix: alength= 4 w= 7
0.048678720445 0.831710709318 0.054242002782 0.065368567455
0.035465924896 0.000000000000 0.013212795549 0.951321279555
0.013212795549 0.002781641168 0.961057023644 0.022948539638
0.033379694019 0.024339360223 0.925591098748 0.016689847010
0.858831710709 0.053546592490 0.057023643950 0.030598052851
0.059109874826 0.824061196106 0.099443671766 0.017385257302
0.756606397775 0.106397774687 0.060500695410 0.076495132128
MOTIF HepG2.GRWD1.8
letter-probability matrix: alength= 4 w= 7
0.839222614841 0.070671378092 0.077738515901 0.012367491166
0.916961130742 0.007067137809 0.031802120141 0.044169611307
0.024734982332 0.024734982332 0.941696113074 0.008833922261
0.899293286219 0.026501766784 0.037102473498 0.037102473498
0.879858657244 0.047703180212 0.019434628975 0.053003533569
0.072438162544 0.786219081272 0.097173144876 0.044169611307
0.065371024735 0.777385159011 0.024734982332 0.132508833922
MOTIF HepG2.GRWD1.4
letter-probability matrix: alength= 4 w= 7
0.052914798206 0.012556053812 0.033183856502 0.901345291480
0.017937219731 0.069955156951 0.858295964126 0.053811659193
0.758744394619 0.102242152466 0.070852017937 0.068161434978
0.064573991031 0.008968609865 0.050224215247 0.876233183857
0.016143497758 0.013452914798 0.912107623318 0.058295964126
0.088789237668 0.025112107623 0.874439461883 0.011659192825
0.872645739910 0.047533632287 0.042152466368 0.037668161435
MOTIF HepG2.GRWD1.6
letter-probability matrix: alength= 4 w= 7
0.074401664932 0.033818938606 0.808532778356 0.083246618106
0.081165452653 0.048907388137 0.839750260146 0.030176899063
0.855879292404 0.056711758585 0.038501560874 0.048907388137
0.016649323621 0.944849115505 0.032258064516 0.006243496358
0.783558792924 0.032778355879 0.047866805411 0.135796045786
0.016649323621 0.021852237253 0.032258064516 0.929240374610
0.003121748179 0.944849115505 0.023933402706 0.028095733611
