MEME version 5
ALPHABET= ACGU
Background letter frequencies:A 0.25 C 0.25 G 0.25 U 0.25
MOTIF HepG2.SND1.0
letter-probability matrix: alength= 4 w= 7
0.047945205479 0.006849315068 0.027397260274 0.917808219178
0.753424657534 0.095890410959 0.041095890411 0.109589041096
0.020547945205 0.965753424658 0.000000000000 0.013698630137
0.883561643836 0.047945205479 0.034246575342 0.034246575342
0.102739726027 0.773972602740 0.075342465753 0.047945205479
0.054794520548 0.047945205479 0.863013698630 0.034246575342
0.013698630137 0.034246575342 0.917808219178 0.034246575342
MOTIF HepG2.SND1.7
letter-probability matrix: alength= 4 w= 7
0.852272727273 0.045454545455 0.022727272727 0.079545454545
0.034090909091 0.034090909091 0.897727272727 0.034090909091
0.000000000000 0.045454545455 0.943181818182 0.011363636364
0.113636363636 0.738636363636 0.068181818182 0.079545454545
0.079545454545 0.068181818182 0.750000000000 0.102272727273
0.000000000000 0.943181818182 0.022727272727 0.034090909091
0.011363636364 0.068181818182 0.045454545455 0.875000000000
MOTIF HepG2.SND1.6
letter-probability matrix: alength= 4 w= 7
0.095238095238 0.904761904762 0.000000000000 0.000000000000
0.000000000000 0.238095238095 0.761904761905 0.000000000000
0.904761904762 0.047619047619 0.000000000000 0.047619047619
0.904761904762 0.000000000000 0.095238095238 0.000000000000
0.000000000000 0.714285714286 0.190476190476 0.095238095238
0.000000000000 0.047619047619 0.857142857143 0.095238095238
0.000000000000 0.047619047619 0.000000000000 0.952380952381
MOTIF HepG2.SND1.5
letter-probability matrix: alength= 4 w= 7
0.063157894737 0.031578947368 0.800000000000 0.105263157895
0.042105263158 0.073684210526 0.842105263158 0.042105263158
0.063157894737 0.021052631579 0.842105263158 0.073684210526
0.000000000000 0.968421052632 0.021052631579 0.010526315789
0.021052631579 0.052631578947 0.000000000000 0.926315789474
0.684210526316 0.063157894737 0.084210526316 0.168421052632
0.000000000000 0.978947368421 0.000000000000 0.021052631579
MOTIF HepG2.SND1.3
letter-probability matrix: alength= 4 w= 7
0.880000000000 0.026666666667 0.053333333333 0.040000000000
0.053333333333 0.800000000000 0.066666666667 0.080000000000
0.133333333333 0.773333333333 0.026666666667 0.066666666667
0.066666666667 0.066666666667 0.800000000000 0.066666666667
0.000000000000 0.026666666667 0.000000000000 0.973333333333
0.013333333333 0.013333333333 0.933333333333 0.040000000000
0.026666666667 0.053333333333 0.013333333333 0.906666666667
MOTIF HepG2.SND1.1
letter-probability matrix: alength= 4 w= 7
0.035294117647 0.023529411765 0.905882352941 0.035294117647
0.870588235294 0.047058823529 0.058823529412 0.023529411765
0.094117647059 0.741176470588 0.094117647059 0.070588235294
0.094117647059 0.047058823529 0.717647058824 0.141176470588
0.035294117647 0.023529411765 0.882352941176 0.058823529412
0.000000000000 0.988235294118 0.000000000000 0.011764705882
0.023529411765 0.000000000000 0.011764705882 0.964705882353
MOTIF HepG2.SND1.8
letter-probability matrix: alength= 4 w= 7
0.883333333333 0.016666666667 0.041666666667 0.058333333333
0.000000000000 0.900000000000 0.050000000000 0.050000000000
0.025000000000 0.075000000000 0.008333333333 0.891666666667
0.816666666667 0.058333333333 0.050000000000 0.075000000000
0.000000000000 0.975000000000 0.016666666667 0.008333333333
0.100000000000 0.783333333333 0.050000000000 0.066666666667
0.075000000000 0.050000000000 0.775000000000 0.100000000000
MOTIF HepG2.SND1.9
letter-probability matrix: alength= 4 w= 7
0.000000000000 0.096491228070 0.017543859649 0.885964912281
0.798245614035 0.070175438596 0.061403508772 0.070175438596
0.000000000000 0.956140350877 0.026315789474 0.017543859649
0.105263157895 0.780701754386 0.017543859649 0.096491228070
0.078947368421 0.140350877193 0.763157894737 0.017543859649
0.052631578947 0.043859649123 0.035087719298 0.868421052632
0.000000000000 0.017543859649 0.982456140351 0.000000000000
MOTIF HepG2.SND1.2
letter-probability matrix: alength= 4 w= 7
0.103448275862 0.000000000000 0.775862068966 0.120689655172
0.017241379310 0.086206896552 0.896551724138 0.000000000000
0.051724137931 0.879310344828 0.051724137931 0.017241379310
0.017241379310 0.034482758621 0.810344827586 0.137931034483
0.000000000000 1.000000000000 0.000000000000 0.000000000000
0.034482758621 0.017241379310 0.034482758621 0.913793103448
0.741379310345 0.086206896552 0.103448275862 0.068965517241
MOTIF HepG2.SND1.4
letter-probability matrix: alength= 4 w= 7
0.006756756757 0.040540540541 0.020270270270 0.932432432432
0.020270270270 0.013513513514 0.027027027027 0.939189189189
0.763513513514 0.087837837838 0.060810810811 0.087837837838
0.006756756757 0.945945945946 0.020270270270 0.027027027027
0.094594594595 0.837837837838 0.020270270270 0.047297297297
0.087837837838 0.033783783784 0.709459459459 0.168918918919
0.020270270270 0.033783783784 0.918918918919 0.027027027027
