MEME version 5
ALPHABET= ACGU
Background letter frequencies:A 0.25 C 0.25 G 0.25 U 0.25
MOTIF HepG2.DKC1.5
letter-probability matrix: alength= 4 w= 7
0.067669172932 0.005012531328 0.921052631579 0.006265664160
0.020050125313 0.008771929825 0.006265664160 0.964912280702
0.025062656642 0.001253132832 0.973684210526 0.000000000000
0.100250626566 0.636591478697 0.055137844612 0.208020050125
0.793233082707 0.057644110276 0.115288220551 0.033834586466
0.000000000000 0.022556390977 0.020050125313 0.957393483709
0.005012531328 0.003759398496 0.991228070175 0.000000000000
MOTIF HepG2.DKC1.9
letter-probability matrix: alength= 4 w= 7
0.061129568106 0.049833887043 0.058471760797 0.830564784053
0.010631229236 0.000000000000 0.989368770764 0.000000000000
0.000000000000 0.000000000000 0.000000000000 1.000000000000
0.000000000000 0.000000000000 1.000000000000 0.000000000000
0.000000000000 0.000000000000 0.000000000000 1.000000000000
0.003986710963 0.000000000000 0.996013289037 0.000000000000
0.003986710963 0.000000000000 0.000000000000 0.996013289037
MOTIF HepG2.DKC1.4
letter-probability matrix: alength= 4 w= 7
0.000000000000 0.000000000000 0.033898305085 0.966101694915
0.016949152542 0.084745762712 0.813559322034 0.084745762712
0.796610169492 0.067796610169 0.067796610169 0.067796610169
0.864406779661 0.016949152542 0.084745762712 0.033898305085
0.050847457627 0.898305084746 0.016949152542 0.033898305085
0.949152542373 0.016949152542 0.016949152542 0.016949152542
0.779661016949 0.033898305085 0.067796610169 0.118644067797
MOTIF HepG2.DKC1.6
letter-probability matrix: alength= 4 w= 7
0.093750000000 0.000000000000 0.843750000000 0.062500000000
0.031250000000 0.000000000000 0.937500000000 0.031250000000
0.000000000000 0.031250000000 0.062500000000 0.906250000000
0.000000000000 0.718750000000 0.250000000000 0.031250000000
0.906250000000 0.031250000000 0.031250000000 0.031250000000
0.937500000000 0.031250000000 0.031250000000 0.000000000000
0.062500000000 0.000000000000 0.125000000000 0.812500000000
MOTIF HepG2.DKC1.8
letter-probability matrix: alength= 4 w= 7
0.071791153009 0.026105873822 0.886149383611 0.015953589558
0.023930384336 0.027193618564 0.013415518492 0.935460478608
0.044234952864 0.020667150109 0.927846265410 0.007251631617
0.035170413343 0.030819434373 0.020667150109 0.913343002175
0.058738216099 0.027193618564 0.904278462654 0.009789702683
0.038071065990 0.031544597534 0.015591007977 0.914793328499
0.048223350254 0.027193618564 0.900652646846 0.023930384336
MOTIF HepG2.DKC1.3
letter-probability matrix: alength= 4 w= 7
0.000000000000 0.000000000000 0.000000000000 1.000000000000
0.750000000000 0.000000000000 0.083333333333 0.166666666667
0.000000000000 0.000000000000 0.083333333333 0.916666666667
1.000000000000 0.000000000000 0.000000000000 0.000000000000
0.000000000000 1.000000000000 0.000000000000 0.000000000000
0.000000000000 0.916666666667 0.000000000000 0.083333333333
0.083333333333 0.000000000000 0.750000000000 0.166666666667
MOTIF HepG2.DKC1.2
letter-probability matrix: alength= 4 w= 7
0.888888888889 0.000000000000 0.111111111111 0.000000000000
1.000000000000 0.000000000000 0.000000000000 0.000000000000
0.888888888889 0.000000000000 0.111111111111 0.000000000000
0.000000000000 1.000000000000 0.000000000000 0.000000000000
0.111111111111 0.222222222222 0.666666666667 0.000000000000
0.000000000000 0.666666666667 0.333333333333 0.000000000000
0.000000000000 0.000000000000 0.888888888889 0.111111111111
MOTIF HepG2.DKC1.1
letter-probability matrix: alength= 4 w= 7
0.913043478261 0.086956521739 0.000000000000 0.000000000000
0.000000000000 0.956521739130 0.043478260870 0.000000000000
0.043478260870 0.000000000000 0.000000000000 0.956521739130
0.000000000000 0.782608695652 0.130434782609 0.086956521739
0.000000000000 0.000000000000 0.000000000000 1.000000000000
0.652173913043 0.000000000000 0.173913043478 0.173913043478
0.000000000000 0.000000000000 0.000000000000 1.000000000000
MOTIF HepG2.DKC1.0
letter-probability matrix: alength= 4 w= 7
0.739316239316 0.025641025641 0.224358974359 0.010683760684
0.000000000000 0.000000000000 0.000000000000 1.000000000000
0.000000000000 0.000000000000 1.000000000000 0.000000000000
0.461538461538 0.059829059829 0.047008547009 0.431623931624
0.108974358974 0.006410256410 0.880341880342 0.004273504274
0.004273504274 0.000000000000 0.012820512821 0.982905982906
0.000000000000 0.000000000000 1.000000000000 0.000000000000
MOTIF HepG2.DKC1.7
letter-probability matrix: alength= 4 w= 7
0.058823529412 0.029411764706 0.823529411765 0.088235294118
0.852941176471 0.000000000000 0.117647058824 0.029411764706
0.764705882353 0.000000000000 0.205882352941 0.029411764706
0.000000000000 0.970588235294 0.029411764706 0.000000000000
0.970588235294 0.000000000000 0.000000000000 0.029411764706
0.823529411765 0.088235294118 0.088235294118 0.000000000000
0.852941176471 0.029411764706 0.117647058824 0.000000000000
