MEME version 5
ALPHABET= ACGU
Background letter frequencies:A 0.25 C 0.25 G 0.25 U 0.25
MOTIF HepG2.LSM11.4
letter-probability matrix: alength= 4 w= 7
0.030303030303 0.047138047138 0.885521885522 0.037037037037
0.892255892256 0.000000000000 0.053872053872 0.053872053872
0.020202020202 0.043771043771 0.915824915825 0.020202020202
0.023569023569 0.905723905724 0.040404040404 0.030303030303
0.033670033670 0.023569023569 0.006734006734 0.936026936027
0.020202020202 0.050505050505 0.858585858586 0.070707070707
0.063973063973 0.080808080808 0.171717171717 0.683501683502
MOTIF HepG2.LSM11.0
letter-probability matrix: alength= 4 w= 7
0.064102564103 0.000000000000 0.602564102564 0.333333333333
0.012820512821 0.000000000000 0.038461538462 0.948717948718
0.858974358974 0.051282051282 0.051282051282 0.038461538462
0.897435897436 0.051282051282 0.051282051282 0.000000000000
0.064102564103 0.871794871795 0.025641025641 0.038461538462
0.935897435897 0.064102564103 0.000000000000 0.000000000000
0.012820512821 0.935897435897 0.012820512821 0.038461538462
MOTIF HepG2.LSM11.5
letter-probability matrix: alength= 4 w= 7
0.016129032258 0.016129032258 0.032258064516 0.935483870968
0.629032258065 0.064516129032 0.201612903226 0.104838709677
0.000000000000 0.000000000000 0.000000000000 1.000000000000
0.000000000000 0.024193548387 0.975806451613 0.000000000000
0.032258064516 0.862903225806 0.048387096774 0.056451612903
0.056451612903 0.104838709677 0.669354838710 0.169354838710
0.016129032258 0.024193548387 0.008064516129 0.951612903226
MOTIF HepG2.LSM11.7
letter-probability matrix: alength= 4 w= 7
0.093525179856 0.028776978417 0.769784172662 0.107913669065
0.079136690647 0.050359712230 0.043165467626 0.827338129496
0.021582733813 0.913669064748 0.028776978417 0.035971223022
0.863309352518 0.043165467626 0.000000000000 0.093525179856
0.035971223022 0.035971223022 0.028776978417 0.899280575540
0.000000000000 0.964028776978 0.035971223022 0.000000000000
0.841726618705 0.050359712230 0.028776978417 0.079136690647
MOTIF HepG2.LSM11.3
letter-probability matrix: alength= 4 w= 7
0.336585365854 0.002439024390 0.014634146341 0.646341463415
0.031707317073 0.036585365854 0.834146341463 0.097560975610
0.031707317073 0.907317073171 0.014634146341 0.046341463415
0.029268292683 0.009756097561 0.000000000000 0.960975609756
0.007317073171 0.029268292683 0.900000000000 0.063414634146
0.034146341463 0.056097560976 0.104878048780 0.804878048780
0.651219512195 0.051219512195 0.178048780488 0.119512195122
MOTIF HepG2.LSM11.6
letter-probability matrix: alength= 4 w= 7
0.063063063063 0.009009009009 0.860360360360 0.067567567568
0.058558558559 0.022522522523 0.891891891892 0.027027027027
0.833333333333 0.049549549550 0.063063063063 0.054054054054
0.049549549550 0.837837837838 0.081081081081 0.031531531532
0.801801801802 0.058558558559 0.022522522523 0.117117117117
0.013513513514 0.036036036036 0.031531531532 0.918918918919
0.013513513514 0.063063063063 0.036036036036 0.887387387387
MOTIF HepG2.LSM11.1
letter-probability matrix: alength= 4 w= 7
0.006097560976 0.878048780488 0.030487804878 0.085365853659
0.024390243902 0.000000000000 0.000000000000 0.975609756098
0.036585365854 0.018292682927 0.853658536585 0.091463414634
0.042682926829 0.036585365854 0.097560975610 0.823170731707
0.774390243902 0.079268292683 0.097560975610 0.048780487805
0.823170731707 0.073170731707 0.048780487805 0.054878048780
0.048780487805 0.902439024390 0.012195121951 0.036585365854
MOTIF HepG2.LSM11.8
letter-probability matrix: alength= 4 w= 7
0.000000000000 0.000000000000 0.000000000000 1.000000000000
0.046218487395 0.016806722689 0.689075630252 0.247899159664
0.079831932773 0.029411764706 0.058823529412 0.831932773109
0.890756302521 0.046218487395 0.046218487395 0.016806722689
0.886554621849 0.042016806723 0.042016806723 0.029411764706
0.105042016807 0.802521008403 0.037815126050 0.054621848739
0.932773109244 0.029411764706 0.000000000000 0.037815126050
MOTIF HepG2.LSM11.2
letter-probability matrix: alength= 4 w= 7
0.048543689320 0.029126213592 0.834951456311 0.087378640777
0.019417475728 0.912621359223 0.019417475728 0.048543689320
0.019417475728 0.009708737864 0.000000000000 0.970873786408
0.000000000000 0.048543689320 0.834951456311 0.116504854369
0.038834951456 0.009708737864 0.077669902913 0.873786407767
0.747572815534 0.097087378641 0.116504854369 0.038834951456
0.834951456311 0.019417475728 0.097087378641 0.048543689320
