MEME version 5
ALPHABET= ACGU
Background letter frequencies:A 0.25 C 0.25 G 0.25 U 0.25
MOTIF HepG2.HNRNPUL1.5
letter-probability matrix: alength= 4 w= 7
0.056818181818 0.000000000000 0.045454545455 0.897727272727
0.034090909091 0.034090909091 0.784090909091 0.147727272727
0.011363636364 0.000000000000 0.045454545455 0.943181818182
0.022727272727 0.000000000000 0.920454545455 0.056818181818
0.000000000000 0.056818181818 0.909090909091 0.034090909091
0.022727272727 0.045454545455 0.034090909091 0.897727272727
0.647727272727 0.090909090909 0.181818181818 0.079545454545
MOTIF HepG2.HNRNPUL1.8
letter-probability matrix: alength= 4 w= 7
0.907407407407 0.000000000000 0.037037037037 0.055555555556
0.018518518519 0.000000000000 0.870370370370 0.111111111111
0.018518518519 0.074074074074 0.870370370370 0.037037037037
0.037037037037 0.018518518519 0.037037037037 0.907407407407
0.018518518519 0.907407407407 0.037037037037 0.037037037037
0.851851851852 0.000000000000 0.000000000000 0.148148148148
0.037037037037 0.037037037037 0.203703703704 0.722222222222
MOTIF HepG2.HNRNPUL1.0
letter-probability matrix: alength= 4 w= 7
0.115384615385 0.000000000000 0.807692307692 0.076923076923
0.000000000000 0.076923076923 0.846153846154 0.076923076923
0.000000000000 0.038461538462 0.076923076923 0.884615384615
0.769230769231 0.115384615385 0.115384615385 0.000000000000
0.000000000000 0.807692307692 0.038461538462 0.153846153846
0.000000000000 0.000000000000 0.000000000000 1.000000000000
0.884615384615 0.038461538462 0.000000000000 0.076923076923
MOTIF HepG2.HNRNPUL1.2
letter-probability matrix: alength= 4 w= 7
0.010526315789 0.336842105263 0.578947368421 0.073684210526
0.094736842105 0.010526315789 0.105263157895 0.789473684211
0.021052631579 0.031578947368 0.873684210526 0.073684210526
0.010526315789 0.052631578947 0.084210526316 0.852631578947
0.000000000000 0.863157894737 0.105263157895 0.031578947368
0.863157894737 0.000000000000 0.000000000000 0.136842105263
0.042105263158 0.010526315789 0.905263157895 0.042105263158
MOTIF HepG2.HNRNPUL1.7
letter-probability matrix: alength= 4 w= 7
0.052631578947 0.894736842105 0.000000000000 0.052631578947
0.947368421053 0.000000000000 0.052631578947 0.000000000000
1.000000000000 0.000000000000 0.000000000000 0.000000000000
0.000000000000 0.000000000000 0.000000000000 1.000000000000
0.105263157895 0.631578947368 0.157894736842 0.105263157895
0.000000000000 0.000000000000 0.684210526316 0.315789473684
0.000000000000 0.052631578947 0.105263157895 0.842105263158
MOTIF HepG2.HNRNPUL1.3
letter-probability matrix: alength= 4 w= 7
0.000000000000 0.000000000000 0.925925925926 0.074074074074
0.925925925926 0.037037037037 0.037037037037 0.000000000000
0.000000000000 0.037037037037 0.962962962963 0.000000000000
0.037037037037 0.925925925926 0.000000000000 0.037037037037
0.814814814815 0.037037037037 0.074074074074 0.074074074074
0.185185185185 0.037037037037 0.148148148148 0.629629629630
0.851851851852 0.037037037037 0.037037037037 0.074074074074
MOTIF HepG2.HNRNPUL1.4
letter-probability matrix: alength= 4 w= 7
0.033333333333 0.033333333333 0.766666666667 0.166666666667
0.000000000000 0.050000000000 0.033333333333 0.916666666667
0.000000000000 0.000000000000 0.033333333333 0.966666666667
0.033333333333 0.016666666667 0.866666666667 0.083333333333
0.066666666667 0.866666666667 0.050000000000 0.016666666667
0.783333333333 0.100000000000 0.033333333333 0.083333333333
0.016666666667 0.850000000000 0.100000000000 0.033333333333
MOTIF HepG2.HNRNPUL1.1
letter-probability matrix: alength= 4 w= 7
0.709302325581 0.046511627907 0.081395348837 0.162790697674
0.023255813953 0.011627906977 0.058139534884 0.906976744186
0.034883720930 0.790697674419 0.046511627907 0.127906976744
0.023255813953 0.000000000000 0.023255813953 0.953488372093
0.011627906977 0.093023255814 0.883720930233 0.011627906977
0.883720930233 0.000000000000 0.058139534884 0.058139534884
0.046511627907 0.000000000000 0.930232558140 0.023255813953
MOTIF HepG2.HNRNPUL1.6
letter-probability matrix: alength= 4 w= 7
0.027027027027 0.891891891892 0.013513513514 0.067567567568
0.040540540541 0.013513513514 0.020270270270 0.925675675676
0.033783783784 0.000000000000 0.229729729730 0.736486486486
0.027027027027 0.013513513514 0.864864864865 0.094594594595
0.013513513514 0.020270270270 0.939189189189 0.027027027027
0.087837837838 0.790540540541 0.081081081081 0.040540540541
0.885135135135 0.060810810811 0.006756756757 0.047297297297
