MEME version 5
ALPHABET= ACGU
Background letter frequencies:A 0.25 C 0.25 G 0.25 U 0.25
MOTIF HepG2.DDX6.1
letter-probability matrix: alength= 4 w= 7
0.000000000000 1.000000000000 0.000000000000 0.000000000000
0.600000000000 0.400000000000 0.000000000000 0.000000000000
1.000000000000 0.000000000000 0.000000000000 0.000000000000
0.000000000000 0.800000000000 0.200000000000 0.000000000000
0.200000000000 0.000000000000 0.800000000000 0.000000000000
0.000000000000 1.000000000000 0.000000000000 0.000000000000
0.200000000000 0.000000000000 0.800000000000 0.000000000000
MOTIF HepG2.DDX6.8
letter-probability matrix: alength= 4 w= 7
0.000000000000 0.000000000000 0.000000000000 1.000000000000
0.000000000000 0.000000000000 0.500000000000 0.500000000000
0.000000000000 0.000000000000 1.000000000000 0.000000000000
0.000000000000 0.000000000000 1.000000000000 0.000000000000
0.000000000000 0.000000000000 0.000000000000 1.000000000000
0.000000000000 0.000000000000 0.000000000000 1.000000000000
1.000000000000 0.000000000000 0.000000000000 0.000000000000
MOTIF HepG2.DDX6.5
letter-probability matrix: alength= 4 w= 7
0.888888888889 0.055555555556 0.000000000000 0.055555555556
0.055555555556 0.111111111111 0.777777777778 0.055555555556
0.000000000000 0.000000000000 0.055555555556 0.944444444444
0.000000000000 0.055555555556 0.944444444444 0.000000000000
0.055555555556 0.722222222222 0.111111111111 0.111111111111
0.000000000000 0.000000000000 0.055555555556 0.944444444444
0.777777777778 0.055555555556 0.111111111111 0.055555555556
MOTIF HepG2.DDX6.0
letter-probability matrix: alength= 4 w= 7
0.029411764706 0.000000000000 0.029411764706 0.941176470588
0.000000000000 0.029411764706 0.970588235294 0.000000000000
0.029411764706 0.882352941176 0.029411764706 0.058823529412
0.852941176471 0.029411764706 0.088235294118 0.029411764706
0.029411764706 0.058823529412 0.029411764706 0.882352941176
0.029411764706 0.088235294118 0.882352941176 0.000000000000
0.058823529412 0.735294117647 0.058823529412 0.147058823529
MOTIF HepG2.DDX6.7
letter-probability matrix: alength= 4 w= 7
0.142857142857 0.071428571429 0.714285714286 0.071428571429
0.785714285714 0.000000000000 0.214285714286 0.000000000000
0.071428571429 0.071428571429 0.857142857143 0.000000000000
0.000000000000 1.000000000000 0.000000000000 0.000000000000
0.000000000000 0.928571428571 0.000000000000 0.071428571429
0.071428571429 0.214285714286 0.000000000000 0.714285714286
0.000000000000 0.000000000000 0.000000000000 1.000000000000
MOTIF HepG2.DDX6.2
letter-probability matrix: alength= 4 w= 7
0.772727272727 0.000000000000 0.090909090909 0.136363636364
0.000000000000 0.090909090909 0.863636363636 0.045454545455
0.181818181818 0.045454545455 0.045454545455 0.727272727273
0.000000000000 0.045454545455 0.000000000000 0.954545454545
0.000000000000 0.409090909091 0.590909090909 0.000000000000
0.000000000000 0.909090909091 0.000000000000 0.090909090909
0.000000000000 0.863636363636 0.000000000000 0.136363636364
MOTIF HepG2.DDX6.4
letter-probability matrix: alength= 4 w= 7
0.058823529412 0.882352941176 0.058823529412 0.000000000000
0.058823529412 0.882352941176 0.000000000000 0.058823529412
0.058823529412 0.058823529412 0.000000000000 0.882352941176
0.000000000000 0.058823529412 0.941176470588 0.000000000000
0.058823529412 0.882352941176 0.000000000000 0.058823529412
0.823529411765 0.058823529412 0.000000000000 0.117647058824
0.000000000000 0.117647058824 0.117647058824 0.764705882353
MOTIF HepG2.DDX6.3
letter-probability matrix: alength= 4 w= 7
0.000000000000 0.612903225806 0.258064516129 0.129032258065
0.032258064516 0.032258064516 0.000000000000 0.935483870968
0.032258064516 0.000000000000 0.967741935484 0.000000000000
0.096774193548 0.838709677419 0.032258064516 0.032258064516
0.870967741935 0.064516129032 0.000000000000 0.064516129032
0.032258064516 0.064516129032 0.032258064516 0.870967741935
0.032258064516 0.032258064516 0.935483870968 0.000000000000
MOTIF HepG2.DDX6.6
letter-probability matrix: alength= 4 w= 7
0.000000000000 0.833333333333 0.000000000000 0.166666666667
0.000000000000 0.000000000000 1.000000000000 0.000000000000
0.000000000000 0.833333333333 0.166666666667 0.000000000000
0.000000000000 0.000000000000 1.000000000000 0.000000000000
0.000000000000 0.000000000000 0.166666666667 0.833333333333
0.000000000000 0.000000000000 0.333333333333 0.666666666667
0.000000000000 0.000000000000 1.000000000000 0.000000000000
