MEME version 5
ALPHABET= ACGU
Background letter frequencies:A 0.25 C 0.25 G 0.25 U 0.25
MOTIF HepG2.HNRNPK.7
letter-probability matrix: alength= 4 w= 7
0.005825242718 0.887378640777 0.017475728155 0.089320388350
0.009708737864 0.959223300971 0.000000000000 0.031067961165
0.019417475728 0.966990291262 0.000000000000 0.013592233010
0.033009708738 0.932038834951 0.015533980583 0.019417475728
0.817475728155 0.056310679612 0.015533980583 0.110679611650
0.021359223301 0.126213592233 0.726213592233 0.126213592233
0.048543689320 0.114563106796 0.062135922330 0.774757281553
MOTIF HepG2.HNRNPK.6
letter-probability matrix: alength= 4 w= 7
0.002870264064 0.471297359357 0.004592422503 0.521239954076
0.002296211251 0.964982778416 0.003444316877 0.029276693456
0.008610792193 0.977611940299 0.000000000000 0.013777267509
0.005740528129 0.977037887486 0.002296211251 0.014925373134
0.524110218140 0.167049368542 0.062571756602 0.246268656716
0.021814006889 0.146383467279 0.104477611940 0.727324913892
0.003444316877 0.909873708381 0.026406429392 0.060275545350
MOTIF HepG2.HNRNPK.1
letter-probability matrix: alength= 4 w= 7
0.009721322100 0.939079714841 0.000000000000 0.051198963059
0.018146467920 0.960466623461 0.000000000000 0.021386908620
0.026571613739 0.848347375243 0.003240440700 0.121840570318
0.364225534673 0.125081011017 0.277381723914 0.233311730395
0.023331173040 0.103694102398 0.068697342839 0.804277381724
0.001296176280 0.935191186001 0.023979261180 0.039533376539
0.018146467920 0.959170447181 0.000000000000 0.022683084900
MOTIF HepG2.HNRNPK.3
letter-probability matrix: alength= 4 w= 7
0.010061919505 0.952012383901 0.004643962848 0.033281733746
0.011609907121 0.945820433437 0.000000000000 0.042569659443
0.409442724458 0.191950464396 0.064241486068 0.334365325077
0.026315789474 0.078173374613 0.027863777090 0.867647058824
0.007739938080 0.931114551084 0.008513931889 0.052631578947
0.003869969040 0.979876160991 0.000000000000 0.016253869969
0.010835913313 0.969040247678 0.000000000000 0.020123839009
MOTIF HepG2.HNRNPK.2
letter-probability matrix: alength= 4 w= 7
0.031763417306 0.107338444688 0.579408543264 0.281489594743
0.000000000000 0.029572836802 0.015334063527 0.955093099671
0.005476451260 0.924424972618 0.017524644031 0.052573932092
0.024096385542 0.968236582694 0.000000000000 0.007667031763
0.015334063527 0.968236582694 0.000000000000 0.016429353779
0.017524644031 0.962760131435 0.010952902519 0.008762322015
0.745892661555 0.093099671413 0.047097480832 0.113910186199
MOTIF HepG2.HNRNPK.0
letter-probability matrix: alength= 4 w= 7
0.012152777778 0.954861111111 0.000000000000 0.032986111111
0.015625000000 0.973958333333 0.000000000000 0.010416666667
0.020833333333 0.944444444444 0.010416666667 0.024305555556
0.635416666667 0.118055555556 0.017361111111 0.229166666667
0.010416666667 0.062500000000 0.833333333333 0.093750000000
0.024305555556 0.168402777778 0.043402777778 0.763888888889
0.003472222222 0.956597222222 0.015625000000 0.024305555556
MOTIF HepG2.HNRNPK.5
letter-probability matrix: alength= 4 w= 7
0.602409638554 0.076305220884 0.034805890228 0.286479250335
0.034805890228 0.064257028112 0.771084337349 0.129852744311
0.024096385542 0.036144578313 0.020080321285 0.919678714859
0.008032128514 0.922356091031 0.008032128514 0.061579651941
0.033467202142 0.954484605087 0.000000000000 0.012048192771
0.005354752343 0.982597054886 0.000000000000 0.012048192771
0.038821954485 0.895582329317 0.012048192771 0.053547523427
MOTIF HepG2.HNRNPK.4
letter-probability matrix: alength= 4 w= 7
0.446022727273 0.171875000000 0.110795454545 0.271306818182
0.004261363636 0.026988636364 0.009943181818 0.958806818182
0.001420454545 0.967329545455 0.007102272727 0.024147727273
0.005681818182 0.973011363636 0.000000000000 0.021306818182
0.014204545455 0.936079545455 0.000000000000 0.049715909091
0.019886363636 0.041193181818 0.002840909091 0.936079545455
0.005681818182 0.889204545455 0.041193181818 0.063920454545
