MEME version 5
ALPHABET= ACGU
Background letter frequencies:A 0.25 C 0.25 G 0.25 U 0.25
MOTIF HepG2.SUB1.3
letter-probability matrix: alength= 4 w= 7
0.130434782609 0.021739130435 0.695652173913 0.152173913043
0.043478260870 0.043478260870 0.826086956522 0.086956521739
0.869565217391 0.021739130435 0.043478260870 0.065217391304
0.021739130435 0.000000000000 0.043478260870 0.934782608696
0.021739130435 0.043478260870 0.804347826087 0.130434782609
0.000000000000 0.021739130435 0.000000000000 0.978260869565
0.000000000000 0.000000000000 0.021739130435 0.978260869565
MOTIF HepG2.SUB1.2
letter-probability matrix: alength= 4 w= 7
0.302452316076 0.008174386921 0.021798365123 0.667574931880
0.277929155313 0.027247956403 0.029972752044 0.664850136240
0.024523160763 0.032697547684 0.043596730245 0.899182561308
0.040871934605 0.043596730245 0.762942779292 0.152588555858
0.054495912807 0.005449591281 0.005449591281 0.934604904632
0.076294277929 0.032697547684 0.806539509537 0.084468664850
0.776566757493 0.038147138965 0.068119891008 0.117166212534
MOTIF HepG2.SUB1.4
letter-probability matrix: alength= 4 w= 7
0.045454545455 0.000000000000 0.909090909091 0.045454545455
0.015151515152 0.015151515152 0.000000000000 0.969696969697
0.030303030303 0.484848484848 0.227272727273 0.257575757576
0.090909090909 0.045454545455 0.742424242424 0.121212121212
0.000000000000 0.000000000000 0.030303030303 0.969696969697
0.000000000000 0.000000000000 0.015151515152 0.984848484848
0.000000000000 0.000000000000 0.015151515152 0.984848484848
MOTIF HepG2.SUB1.6
letter-probability matrix: alength= 4 w= 7
0.081081081081 0.027027027027 0.000000000000 0.891891891892
0.000000000000 0.000000000000 0.000000000000 1.000000000000
0.054054054054 0.000000000000 0.891891891892 0.054054054054
0.027027027027 0.081081081081 0.810810810811 0.081081081081
0.054054054054 0.756756756757 0.135135135135 0.054054054054
0.054054054054 0.081081081081 0.675675675676 0.189189189189
0.000000000000 0.000000000000 0.000000000000 1.000000000000
MOTIF HepG2.SUB1.5
letter-probability matrix: alength= 4 w= 7
0.005263157895 0.031578947368 0.800000000000 0.163157894737
0.000000000000 0.031578947368 0.021052631579 0.947368421053
0.052631578947 0.021052631579 0.115789473684 0.810526315789
0.000000000000 0.010526315789 0.031578947368 0.957894736842
0.021052631579 0.036842105263 0.700000000000 0.242105263158
0.047368421053 0.000000000000 0.026315789474 0.926315789474
0.015789473684 0.026315789474 0.915789473684 0.042105263158
MOTIF HepG2.SUB1.1
letter-probability matrix: alength= 4 w= 7
0.888888888889 0.000000000000 0.000000000000 0.111111111111
0.111111111111 0.000000000000 0.000000000000 0.888888888889
0.000000000000 0.000000000000 0.888888888889 0.111111111111
0.111111111111 0.666666666667 0.000000000000 0.222222222222
0.000000000000 0.055555555556 0.000000000000 0.944444444444
0.944444444444 0.000000000000 0.000000000000 0.055555555556
0.055555555556 0.000000000000 0.833333333333 0.111111111111
MOTIF HepG2.SUB1.0
letter-probability matrix: alength= 4 w= 7
0.008130081301 0.040650406504 0.000000000000 0.951219512195
0.024390243902 0.048780487805 0.016260162602 0.910569105691
0.048780487805 0.048780487805 0.780487804878 0.121951219512
0.056910569106 0.016260162602 0.008130081301 0.918699186992
0.081300813008 0.000000000000 0.869918699187 0.048780487805
0.845528455285 0.056910569106 0.040650406504 0.056910569106
0.878048780488 0.024390243902 0.024390243902 0.073170731707
