MEME version 5
ALPHABET= ACGU
Background letter frequencies:A 0.25 C 0.25 G 0.25 U 0.25
MOTIF HepG2.UCHL5.6
letter-probability matrix: alength= 4 w= 7
0.000000000000 0.022624434389 0.959276018100 0.018099547511
0.977375565611 0.013574660633 0.009049773756 0.000000000000
0.153846153846 0.334841628959 0.343891402715 0.167420814480
0.027149321267 0.076923076923 0.882352941176 0.013574660633
0.963800904977 0.018099547511 0.018099547511 0.000000000000
0.914027149321 0.009049773756 0.054298642534 0.022624434389
0.000000000000 0.000000000000 1.000000000000 0.000000000000
MOTIF HepG2.UCHL5.3
letter-probability matrix: alength= 4 w= 7
0.061643835616 0.801369863014 0.089041095890 0.047945205479
0.897260273973 0.075342465753 0.000000000000 0.027397260274
0.924657534247 0.000000000000 0.047945205479 0.027397260274
0.020547945205 0.027397260274 0.924657534247 0.027397260274
0.089041095890 0.863013698630 0.034246575342 0.013698630137
0.849315068493 0.075342465753 0.027397260274 0.047945205479
0.780821917808 0.027397260274 0.095890410959 0.095890410959
MOTIF HepG2.UCHL5.7
letter-probability matrix: alength= 4 w= 7
0.027837259101 0.895074946467 0.047109207709 0.029978586724
0.745182012848 0.134903640257 0.053533190578 0.066381156317
0.040685224839 0.010706638116 0.032119914347 0.916488222698
0.004282655246 0.156316916488 0.798715203426 0.040685224839
0.032119914347 0.000000000000 0.944325481799 0.023554603854
0.865096359743 0.038543897216 0.064239828694 0.032119914347
0.029978586724 0.884368308351 0.070663811563 0.014989293362
MOTIF HepG2.UCHL5.4
letter-probability matrix: alength= 4 w= 7
0.082191780822 0.034246575342 0.810958904110 0.072602739726
0.064383561644 0.034246575342 0.872602739726 0.028767123288
0.830136986301 0.056164383562 0.046575342466 0.067123287671
0.015068493151 0.939726027397 0.041095890411 0.004109589041
0.778082191781 0.024657534247 0.046575342466 0.150684931507
0.017808219178 0.017808219178 0.035616438356 0.928767123288
0.004109589041 0.942465753425 0.020547945205 0.032876712329
MOTIF HepG2.UCHL5.2
letter-probability matrix: alength= 4 w= 7
0.000000000000 0.985102420857 0.014897579143 0.000000000000
0.830540037244 0.020484171322 0.031657355680 0.117318435754
0.009310986965 0.016759776536 0.007448789572 0.966480446927
0.003724394786 0.871508379888 0.061452513966 0.063314711359
0.057728119181 0.093109869646 0.834264432030 0.014897579143
0.864059590317 0.014897579143 0.016759776536 0.104283054004
0.040968342644 0.135940409683 0.772811918063 0.050279329609
MOTIF HepG2.UCHL5.8
letter-probability matrix: alength= 4 w= 7
0.021126760563 0.158450704225 0.781690140845 0.038732394366
0.880281690141 0.028169014085 0.021126760563 0.070422535211
0.038732394366 0.035211267606 0.014084507042 0.911971830986
0.010563380282 0.880281690141 0.091549295775 0.017605633803
0.919014084507 0.038732394366 0.017605633803 0.024647887324
0.735915492958 0.024647887324 0.045774647887 0.193661971831
0.017605633803 0.929577464789 0.024647887324 0.028169014085
MOTIF HepG2.UCHL5.0
letter-probability matrix: alength= 4 w= 7
0.676616915423 0.171641791045 0.059701492537 0.092039800995
0.009950248756 0.009950248756 0.052238805970 0.927860696517
0.012437810945 0.054726368159 0.888059701493 0.044776119403
0.049751243781 0.014925373134 0.922885572139 0.012437810945
0.900497512438 0.032338308458 0.047263681592 0.019900497512
0.042288557214 0.873134328358 0.049751243781 0.034825870647
0.074626865672 0.855721393035 0.027363184080 0.042288557214
MOTIF HepG2.UCHL5.5
letter-probability matrix: alength= 4 w= 7
0.037593984962 0.016917293233 0.033834586466 0.911654135338
0.011278195489 0.056390977444 0.874060150376 0.058270676692
0.778195488722 0.099624060150 0.063909774436 0.058270676692
0.048872180451 0.007518796992 0.105263157895 0.838345864662
0.016917293233 0.015037593985 0.911654135338 0.056390977444
0.097744360902 0.022556390977 0.862781954887 0.016917293233
0.866541353383 0.054511278195 0.030075187970 0.048872180451
MOTIF HepG2.UCHL5.1
letter-probability matrix: alength= 4 w= 7
0.018595041322 0.006198347107 0.049586776860 0.925619834711
0.012396694215 0.026859504132 0.894628099174 0.066115702479
0.045454545455 0.024793388430 0.892561983471 0.037190082645
0.871900826446 0.030991735537 0.064049586777 0.033057851240
0.061983471074 0.820247933884 0.078512396694 0.039256198347
0.061983471074 0.876033057851 0.043388429752 0.018595041322
0.791322314050 0.057851239669 0.051652892562 0.099173553719
MOTIF HepG2.UCHL5.9
letter-probability matrix: alength= 4 w= 7
0.950617283951 0.000000000000 0.021604938272 0.027777777778
0.012345679012 0.095679012346 0.885802469136 0.006172839506
0.925925925926 0.024691358025 0.021604938272 0.027777777778
0.055555555556 0.024691358025 0.027777777778 0.891975308642
0.021604938272 0.848765432099 0.049382716049 0.080246913580
0.126543209877 0.086419753086 0.561728395062 0.225308641975
0.024691358025 0.000000000000 0.000000000000 0.975308641975
