MEME version 5
ALPHABET= ACGU
Background letter frequencies:A 0.25 C 0.25 G 0.25 U 0.25
MOTIF HepG2.GRSF1.0
letter-probability matrix: alength= 4 w= 7
0.000000000000 0.000000000000 0.988571428571 0.011428571429
0.011428571429 0.000000000000 0.988571428571 0.000000000000
0.017142857143 0.000000000000 0.982857142857 0.000000000000
0.742857142857 0.080000000000 0.125714285714 0.051428571429
0.051428571429 0.057142857143 0.148571428571 0.742857142857
0.017142857143 0.028571428571 0.920000000000 0.034285714286
0.057142857143 0.068571428571 0.200000000000 0.674285714286
MOTIF HepG2.GRSF1.2
letter-probability matrix: alength= 4 w= 7
0.028571428571 0.000000000000 0.952380952381 0.019047619048
0.019047619048 0.000000000000 0.980952380952 0.000000000000
0.028571428571 0.000000000000 0.942857142857 0.028571428571
0.866666666667 0.009523809524 0.104761904762 0.019047619048
0.685714285714 0.114285714286 0.152380952381 0.047619047619
0.019047619048 0.828571428571 0.085714285714 0.066666666667
0.085714285714 0.104761904762 0.019047619048 0.790476190476
MOTIF HepG2.GRSF1.1
letter-probability matrix: alength= 4 w= 7
0.000000000000 0.000000000000 1.000000000000 0.000000000000
0.032258064516 0.774193548387 0.129032258065 0.064516129032
0.000000000000 0.032258064516 0.032258064516 0.935483870968
0.677419354839 0.096774193548 0.129032258065 0.096774193548
0.000000000000 0.000000000000 0.967741935484 0.032258064516
0.032258064516 0.677419354839 0.290322580645 0.000000000000
0.000000000000 0.000000000000 1.000000000000 0.000000000000
