MEME version 5
ALPHABET= ACGU
Background letter frequencies:A 0.25 C 0.25 G 0.25 U 0.25
MOTIF HepG2.RBM22.2
letter-probability matrix: alength= 4 w= 7
0.000000000000 0.051428571429 0.042857142857 0.905714285714
0.005714285714 0.920000000000 0.040000000000 0.034285714286
0.008571428571 0.962857142857 0.008571428571 0.020000000000
0.080000000000 0.702857142857 0.037142857143 0.180000000000
0.080000000000 0.057142857143 0.728571428571 0.134285714286
0.025714285714 0.025714285714 0.931428571429 0.017142857143
0.000000000000 0.031428571429 0.945714285714 0.022857142857
MOTIF HepG2.RBM22.5
letter-probability matrix: alength= 4 w= 7
0.051383399209 0.015810276680 0.897233201581 0.035573122530
0.015810276680 0.023715415020 0.944664031621 0.015810276680
0.039525691700 0.000000000000 0.126482213439 0.833992094862
0.000000000000 0.023715415020 0.976284584980 0.000000000000
0.739130434783 0.035573122530 0.181818181818 0.043478260870
0.011857707510 0.031620553360 0.928853754941 0.027667984190
0.047430830040 0.067193675889 0.130434782609 0.754940711462
MOTIF HepG2.RBM22.0
letter-probability matrix: alength= 4 w= 7
0.000000000000 0.013651877133 0.921501706485 0.064846416382
0.020477815700 0.071672354949 0.805460750853 0.102389078498
0.054607508532 0.020477815700 0.098976109215 0.825938566553
0.020477815700 0.061433447099 0.825938566553 0.092150170648
0.027303754266 0.839590443686 0.081911262799 0.051194539249
0.000000000000 0.952218430034 0.030716723549 0.017064846416
0.027303754266 0.901023890785 0.020477815700 0.051194539249
MOTIF HepG2.RBM22.3
letter-probability matrix: alength= 4 w= 7
0.031250000000 0.750762195122 0.120426829268 0.097560975610
0.032774390244 0.820884146341 0.033536585366 0.112804878049
0.019054878049 0.492378048780 0.019054878049 0.469512195122
0.030487804878 0.020579268293 0.583079268293 0.365853658537
0.029725609756 0.019054878049 0.894054878049 0.057164634146
0.028963414634 0.022865853659 0.919969512195 0.028201219512
0.040396341463 0.056402439024 0.852896341463 0.050304878049
MOTIF HepG2.RBM22.1
letter-probability matrix: alength= 4 w= 7
0.012158054711 0.036474164134 0.896656534954 0.054711246201
0.024316109422 0.000000000000 0.173252279635 0.802431610942
0.000000000000 0.015197568389 0.984802431611 0.000000000000
0.677811550152 0.036474164134 0.221884498480 0.063829787234
0.030395136778 0.015197568389 0.927051671733 0.027355623100
0.027355623100 0.027355623100 0.094224924012 0.851063829787
0.009118541033 0.036474164134 0.933130699088 0.021276595745
MOTIF HepG2.RBM22.7
letter-probability matrix: alength= 4 w= 7
0.019400352734 0.012345679012 0.943562610229 0.024691358025
0.008818342152 0.026455026455 0.959435626102 0.005291005291
0.012345679012 0.820105820106 0.134038800705 0.033509700176
0.093474426808 0.567901234568 0.102292768959 0.236331569665
0.037037037037 0.028218694885 0.850088183422 0.084656084656
0.007054673721 0.008818342152 0.975308641975 0.008818342152
0.010582010582 0.024691358025 0.964726631393 0.000000000000
MOTIF HepG2.RBM22.4
letter-probability matrix: alength= 4 w= 7
0.013100436681 0.000000000000 0.065502183406 0.921397379913
0.004366812227 0.017467248908 0.978165938865 0.000000000000
0.724890829694 0.026200873362 0.148471615721 0.100436681223
0.021834061135 0.048034934498 0.886462882096 0.043668122271
0.030567685590 0.030567685590 0.074235807860 0.864628820961
0.008733624454 0.056768558952 0.890829694323 0.043668122271
0.043668122271 0.781659388646 0.100436681223 0.074235807860
MOTIF HepG2.RBM22.6
letter-probability matrix: alength= 4 w= 7
0.017073170732 0.000000000000 0.912195121951 0.070731707317
0.012195121951 0.007317073171 0.963414634146 0.017073170732
0.031707317073 0.019512195122 0.912195121951 0.036585365854
0.017073170732 0.065853658537 0.839024390244 0.078048780488
0.053658536585 0.070731707317 0.073170731707 0.802439024390
0.017073170732 0.802439024390 0.097560975610 0.082926829268
0.043902439024 0.841463414634 0.048780487805 0.065853658537
