MEME version 5
ALPHABET= ACGU
Background letter frequencies:A 0.25 C 0.25 G 0.25 U 0.25
MOTIF HepG2.CSTF2.3
letter-probability matrix: alength= 4 w= 7
0.015466408893 0.000000000000 0.008699855002 0.975833736104
0.009183180280 0.021749637506 0.891735137748 0.077332044466
0.015949734171 0.000000000000 0.000000000000 0.984050265829
0.035282745288 0.057032382794 0.756404059932 0.151280811986
0.021749637506 0.018366360561 0.039149347511 0.920734654422
0.018849685839 0.046882551957 0.084581923635 0.849685838569
0.040599323345 0.673272112131 0.073465442243 0.212663122281
MOTIF HepG2.CSTF2.1
letter-probability matrix: alength= 4 w= 7
0.118761844599 0.069067172036 0.112444725205 0.699726258160
0.008633396505 0.004632554222 0.033901874079 0.952832175195
0.033901874079 0.063802905875 0.742893240682 0.159401979364
0.024426194988 0.000000000000 0.010107391030 0.965466413982
0.030743314382 0.060854916825 0.797009896820 0.111391871973
0.018530216888 0.007791113919 0.012423668141 0.961255001053
0.027374184039 0.368077489998 0.528742893241 0.075805432723
MOTIF HepG2.CSTF2.0
letter-probability matrix: alength= 4 w= 7
0.034007748601 0.050796383986 0.809728798967 0.105467068446
0.026259147654 0.001291433491 0.011622901421 0.960826517434
0.020662935859 0.048213517004 0.838140335773 0.092983211365
0.020662935859 0.014205768403 0.018080068876 0.947051226862
0.039173482566 0.702539819199 0.089108910891 0.169177787344
0.031855359449 0.028411536806 0.005165733965 0.934567369780
0.017219113216 0.021523891520 0.075333620319 0.885923374946
MOTIF HepG2.CSTF2.2
letter-probability matrix: alength= 4 w= 7
0.036656891496 0.015762463343 0.028103616813 0.919477028348
0.026270772239 0.184995112414 0.658479960899 0.130254154448
0.030547409580 0.013074291300 0.009286412512 0.947091886608
0.024071358749 0.217008797654 0.657135874878 0.101783968719
0.029325513196 0.012341153470 0.009652981427 0.948680351906
0.033602150538 0.261974584555 0.566837732160 0.137585532747
0.103739002933 0.046309872923 0.041055718475 0.808895405670
