MEME version 5
ALPHABET= ACGU
Background letter frequencies:A 0.25 C 0.25 G 0.25 U 0.25
MOTIF HepG2.PPIG.0
letter-probability matrix: alength= 4 w= 7
0.100515463918 0.790378006873 0.082474226804 0.026632302405
0.896907216495 0.018041237113 0.028350515464 0.056701030928
0.025773195876 0.011168384880 0.951030927835 0.012027491409
0.085910652921 0.037800687285 0.847079037801 0.029209621993
0.055841924399 0.010309278351 0.028350515464 0.905498281787
0.283505154639 0.029209621993 0.681271477663 0.006013745704
0.764604810997 0.087628865979 0.079896907216 0.067869415808
MOTIF HepG2.PPIG.2
letter-probability matrix: alength= 4 w= 7
0.032755298651 0.025048169557 0.922928709056 0.019267822736
0.030828516378 0.005780346821 0.019267822736 0.944123314066
0.011560693642 0.011560693642 0.967244701349 0.009633911368
0.959537572254 0.000000000000 0.023121387283 0.017341040462
0.023121387283 0.009633911368 0.946050096339 0.021194605010
0.063583815029 0.094412331407 0.138728323699 0.703275529865
0.610789980732 0.096339113680 0.236994219653 0.055876685934
MOTIF HepG2.PPIG.1
letter-probability matrix: alength= 4 w= 7
0.701271186441 0.036546610169 0.064618644068 0.197563559322
0.049788135593 0.014830508475 0.912605932203 0.022775423729
0.071504237288 0.051906779661 0.855932203390 0.020656779661
0.063559322034 0.039724576271 0.082097457627 0.814618644068
0.431673728814 0.047139830508 0.502118644068 0.019067796610
0.740466101695 0.033368644068 0.059322033898 0.166843220339
0.034427966102 0.029131355932 0.898305084746 0.038135593220
MOTIF HepG2.PPIG.3
letter-probability matrix: alength= 4 w= 7
0.089519650655 0.016375545852 0.043668122271 0.850436681223
0.015283842795 0.053493449782 0.877729257642 0.053493449782
0.769650655022 0.104803493450 0.084061135371 0.041484716157
0.063318777293 0.007641921397 0.057860262009 0.871179039301
0.015283842795 0.014192139738 0.926855895197 0.043668122271
0.072052401747 0.022925764192 0.902838427948 0.002183406114
0.871179039301 0.048034934498 0.042576419214 0.038209606987
MOTIF HepG2.PPIG.5
letter-probability matrix: alength= 4 w= 7
0.012631578947 0.027368421053 0.934736842105 0.025263157895
0.069473684211 0.031578947368 0.077894736842 0.821052631579
0.671578947368 0.058947368421 0.258947368421 0.010526315789
0.858947368421 0.044210526316 0.052631578947 0.044210526316
0.016842105263 0.023157894737 0.947368421053 0.012631578947
0.025263157895 0.033684210526 0.050526315789 0.890526315789
0.012631578947 0.025263157895 0.936842105263 0.025263157895
MOTIF HepG2.PPIG.4
letter-probability matrix: alength= 4 w= 7
0.040178571429 0.035714285714 0.868303571429 0.055803571429
0.044642857143 0.037946428571 0.906250000000 0.011160714286
0.035714285714 0.013392857143 0.021205357143 0.929687500000
0.027901785714 0.026785714286 0.945312500000 0.000000000000
0.879464285714 0.024553571429 0.061383928571 0.034598214286
0.029017857143 0.024553571429 0.911830357143 0.034598214286
0.062500000000 0.116071428571 0.131696428571 0.689732142857
