MEME version 5
ALPHABET= ACGU
Background letter frequencies:A 0.25 C 0.25 G 0.25 U 0.25
MOTIF HepG2.XPO5.9
letter-probability matrix: alength= 4 w= 7
0.042134831461 0.016853932584 0.061797752809 0.879213483146
0.005617977528 0.005617977528 0.938202247191 0.050561797753
0.008426966292 0.089887640449 0.870786516854 0.030898876404
0.030898876404 0.115168539326 0.089887640449 0.764044943820
0.019662921348 0.859550561798 0.070224719101 0.050561797753
0.025280898876 0.910112359551 0.016853932584 0.047752808989
0.039325842697 0.087078651685 0.019662921348 0.853932584270
MOTIF HepG2.XPO5.1
letter-probability matrix: alength= 4 w= 7
0.744047619048 0.035714285714 0.077380952381 0.142857142857
0.029761904762 0.011904761905 0.904761904762 0.053571428571
0.005952380952 0.083333333333 0.869047619048 0.041666666667
0.011904761905 0.934523809524 0.011904761905 0.041666666667
0.035714285714 0.071428571429 0.000000000000 0.892857142857
0.017857142857 0.071428571429 0.101190476190 0.809523809524
0.023809523810 0.886904761905 0.059523809524 0.029761904762
MOTIF HepG2.XPO5.2
letter-probability matrix: alength= 4 w= 7
0.040515653775 0.027624309392 0.073664825046 0.858195211786
0.009208103131 0.012891344383 0.935543278085 0.042357274401
0.029465930018 0.114180478821 0.791896869245 0.064456721915
0.018416206262 0.808471454880 0.127071823204 0.046040515654
0.033149171271 0.915285451197 0.022099447514 0.029465930018
0.064456721915 0.025782688766 0.034990791897 0.874769797422
0.011049723757 0.049723756906 0.900552486188 0.038674033149
MOTIF HepG2.XPO5.4
letter-probability matrix: alength= 4 w= 7
0.030444964871 0.028103044496 0.899297423888 0.042154566745
0.025761124122 0.875878220141 0.060889929742 0.037470725995
0.021077283372 0.903981264637 0.011709601874 0.063231850117
0.030444964871 0.911007025761 0.025761124122 0.032786885246
0.030444964871 0.018735362998 0.032786885246 0.918032786885
0.000000000000 0.037470725995 0.939110070258 0.023419203747
0.058548009368 0.103044496487 0.177985948478 0.660421545667
MOTIF HepG2.XPO5.3
letter-probability matrix: alength= 4 w= 7
0.019417475728 0.022653721683 0.906148867314 0.051779935275
0.025889967638 0.029126213592 0.919093851133 0.025889967638
0.100323624595 0.122977346278 0.061488673139 0.715210355987
0.029126213592 0.029126213592 0.084142394822 0.857605177994
0.000000000000 0.035598705502 0.928802588997 0.035598705502
0.009708737864 0.938511326861 0.025889967638 0.025889967638
0.145631067961 0.796116504854 0.012944983819 0.045307443366
MOTIF HepG2.XPO5.8
letter-probability matrix: alength= 4 w= 7
0.033018867925 0.023584905660 0.886792452830 0.056603773585
0.018867924528 0.830188679245 0.089622641509 0.061320754717
0.018867924528 0.948113207547 0.000000000000 0.033018867925
0.047169811321 0.037735849057 0.051886792453 0.863207547170
0.000000000000 0.872641509434 0.113207547170 0.014150943396
0.702830188679 0.066037735849 0.061320754717 0.169811320755
0.000000000000 0.033018867925 0.943396226415 0.023584905660
MOTIF HepG2.XPO5.5
letter-probability matrix: alength= 4 w= 7
0.000000000000 0.973684210526 0.026315789474 0.000000000000
0.052631578947 0.842105263158 0.000000000000 0.105263157895
0.052631578947 0.052631578947 0.894736842105 0.000000000000
0.000000000000 0.894736842105 0.026315789474 0.078947368421
0.000000000000 0.026315789474 0.947368421053 0.026315789474
0.000000000000 0.131578947368 0.131578947368 0.736842105263
0.736842105263 0.105263157895 0.131578947368 0.026315789474
MOTIF HepG2.XPO5.7
letter-probability matrix: alength= 4 w= 7
0.062622309198 0.021526418787 0.090019569472 0.825831702544
0.021526418787 0.056751467710 0.859099804305 0.062622309198
0.025440313112 0.888454011742 0.048923679061 0.037181996086
0.023483365949 0.121330724070 0.023483365949 0.831702544031
0.013698630137 0.812133072407 0.115459882583 0.058708414873
0.045009784736 0.015655577299 0.007827788650 0.931506849315
0.005870841487 0.031311154599 0.931506849315 0.031311154599
MOTIF HepG2.XPO5.0
letter-probability matrix: alength= 4 w= 7
0.053359683794 0.782608695652 0.092885375494 0.071146245059
0.053359683794 0.909090909091 0.019762845850 0.017786561265
0.015810276680 0.019762845850 0.013833992095 0.950592885375
0.009881422925 0.055335968379 0.903162055336 0.031620553360
0.083003952569 0.027667984190 0.106719367589 0.782608695652
0.005928853755 0.039525691700 0.942687747036 0.011857707510
0.037549407115 0.816205533597 0.084980237154 0.061264822134
MOTIF HepG2.XPO5.6
letter-probability matrix: alength= 4 w= 7
0.027777777778 0.041666666667 0.125000000000 0.805555555556
0.027777777778 0.833333333333 0.087962962963 0.050925925926
0.018518518519 0.009259259259 0.013888888889 0.958333333333
0.000000000000 0.037037037037 0.939814814815 0.023148148148
0.694444444444 0.106481481481 0.115740740741 0.083333333333
0.023148148148 0.870370370370 0.083333333333 0.023148148148
0.018518518519 0.939814814815 0.000000000000 0.041666666667
