MEME version 5
ALPHABET= ACGU
Background letter frequencies:A 0.25 C 0.25 G 0.25 U 0.25
MOTIF HepG2.SF3B4.0
letter-probability matrix: alength= 4 w= 7
0.038366336634 0.060643564356 0.066831683168 0.834158415842
0.024752475248 0.868811881188 0.076732673267 0.029702970297
0.017326732673 0.000000000000 0.006188118812 0.976485148515
0.024752475248 0.043316831683 0.908415841584 0.023514851485
0.647277227723 0.146039603960 0.116336633663 0.090346534653
0.032178217822 0.856435643564 0.087871287129 0.023514851485
0.017326732673 0.528465346535 0.006188118812 0.448019801980
MOTIF HepG2.SF3B4.4
letter-probability matrix: alength= 4 w= 7
0.028151774786 0.018359853121 0.062423500612 0.891064871481
0.025703794370 0.079559363525 0.833537331701 0.061199510404
0.340269277846 0.063647490820 0.059975520196 0.536107711138
0.019583843329 0.848225214198 0.069767441860 0.062423500612
0.035495716034 0.102815177479 0.011015911873 0.850673194614
0.012239902081 0.872705018360 0.070991432069 0.044063647491
0.026927784578 0.058751529988 0.013463892289 0.900856793146
MOTIF HepG2.SF3B4.3
letter-probability matrix: alength= 4 w= 7
0.026378896882 0.899280575540 0.038369304556 0.035971223022
0.028776978417 0.019184652278 0.009592326139 0.942446043165
0.007194244604 0.040767386091 0.923261390887 0.028776978417
0.688249400480 0.151079136691 0.086330935252 0.074340527578
0.007194244604 0.889688249400 0.083932853717 0.019184652278
0.028776978417 0.119904076739 0.011990407674 0.839328537170
0.009592326139 0.877697841727 0.076738609113 0.035971223022
MOTIF HepG2.SF3B4.2
letter-probability matrix: alength= 4 w= 7
0.036995515695 0.107623318386 0.071748878924 0.783632286996
0.017937219731 0.045964125561 0.072869955157 0.863228699552
0.028026905830 0.054932735426 0.493273542601 0.423766816143
0.045964125561 0.835201793722 0.073991031390 0.044843049327
0.837443946188 0.014573991031 0.031390134529 0.116591928251
0.031390134529 0.019058295964 0.921524663677 0.028026905830
0.043721973094 0.021300448430 0.904708520179 0.030269058296
MOTIF HepG2.SF3B4.1
letter-probability matrix: alength= 4 w= 7
0.022088353414 0.897590361446 0.028112449799 0.052208835341
0.022088353414 0.038152610442 0.018072289157 0.921686746988
0.008032128514 0.901606425703 0.064257028112 0.026104417671
0.022088353414 0.008032128514 0.016064257028 0.953815261044
0.024096385542 0.036144578313 0.921686746988 0.018072289157
0.646586345382 0.158634538153 0.126506024096 0.068273092369
0.038152610442 0.815261044177 0.120481927711 0.026104417671
MOTIF HepG2.SF3B4.5
letter-probability matrix: alength= 4 w= 7
0.042899408284 0.852071005917 0.029585798817 0.075443786982
0.035502958580 0.136094674556 0.014792899408 0.813609467456
0.019230769231 0.039940828402 0.076923076923 0.863905325444
0.011834319527 0.048816568047 0.504437869822 0.434911242604
0.042899408284 0.840236686391 0.071005917160 0.045857988166
0.818047337278 0.025147928994 0.019230769231 0.137573964497
0.019230769231 0.034023668639 0.926035502959 0.020710059172
