MEME version 5
ALPHABET= ACGU
Background letter frequencies:A 0.25 C 0.25 G 0.25 U 0.25
MOTIF HepG2.SUGP2.0
letter-probability matrix: alength= 4 w= 7
0.043090638930 0.010401188707 0.841010401189 0.105497771174
0.032689450223 0.032689450223 0.833580980684 0.101040118871
0.023774145617 0.756315007429 0.093610698366 0.126300148588
0.008915304606 0.010401188707 0.000000000000 0.980683506686
0.007429420505 0.002971768202 0.008915304606 0.980683506686
0.008915304606 0.019316493314 0.007429420505 0.964338781575
0.029717682021 0.705794947994 0.090638930163 0.173848439822
MOTIF HepG2.SUGP2.1
letter-probability matrix: alength= 4 w= 7
0.039301310044 0.052401746725 0.596069868996 0.312227074236
0.013100436681 0.007278020378 0.008733624454 0.970887918486
0.026200873362 0.716157205240 0.017467248908 0.240174672489
0.009461426492 0.006550218341 0.000000000000 0.983988355167
0.003639010189 0.005094614265 0.004366812227 0.986899563319
0.013828238719 0.786754002911 0.012372634643 0.187045123726
0.011644832606 0.006550218341 0.000000000000 0.981804949054
MOTIF HepG2.SUGP2.5
letter-probability matrix: alength= 4 w= 7
0.021164021164 0.740740740741 0.026455026455 0.211640211640
0.000000000000 0.000000000000 0.007936507937 0.992063492063
0.005291005291 0.000000000000 0.082010582011 0.912698412698
0.005291005291 0.000000000000 0.756613756614 0.238095238095
0.026455026455 0.023809523810 0.904761904762 0.044973544974
0.044973544974 0.857142857143 0.060846560847 0.037037037037
0.875661375661 0.050264550265 0.000000000000 0.074074074074
MOTIF HepG2.SUGP2.7
letter-probability matrix: alength= 4 w= 7
0.779467680608 0.011406844106 0.057034220532 0.152091254753
0.019011406844 0.095057034221 0.851711026616 0.034220532319
0.041825095057 0.878326996198 0.034220532319 0.045627376426
0.053231939163 0.893536121673 0.019011406844 0.034220532319
0.034220532319 0.007604562738 0.000000000000 0.958174904943
0.045627376426 0.007604562738 0.779467680608 0.167300380228
0.007604562738 0.007604562738 0.079847908745 0.904942965779
MOTIF HepG2.SUGP2.4
letter-probability matrix: alength= 4 w= 7
0.000000000000 0.040540540541 0.864864864865 0.094594594595
0.013513513514 0.878378378378 0.040540540541 0.067567567568
0.027027027027 0.081081081081 0.027027027027 0.864864864865
0.824324324324 0.013513513514 0.094594594595 0.067567567568
0.040540540541 0.054054054054 0.851351351351 0.054054054054
0.027027027027 0.878378378378 0.040540540541 0.054054054054
0.054054054054 0.864864864865 0.000000000000 0.081081081081
MOTIF HepG2.SUGP2.6
letter-probability matrix: alength= 4 w= 7
0.019867549669 0.019867549669 0.076158940397 0.884105960265
0.589403973510 0.009933774834 0.082781456954 0.317880794702
0.043046357616 0.009933774834 0.870860927152 0.076158940397
0.026490066225 0.913907284768 0.019867549669 0.039735099338
0.046357615894 0.894039735099 0.003311258278 0.056291390728
0.039735099338 0.000000000000 0.009933774834 0.950331125828
0.026490066225 0.009933774834 0.923841059603 0.039735099338
MOTIF HepG2.SUGP2.8
letter-probability matrix: alength= 4 w= 7
0.035211267606 0.017605633803 0.640845070423 0.306338028169
0.017605633803 0.028169014085 0.031690140845 0.922535211268
0.038732394366 0.802816901408 0.045774647887 0.112676056338
0.024647887324 0.024647887324 0.007042253521 0.943661971831
0.003521126761 0.911971830986 0.049295774648 0.035211267606
0.936619718310 0.000000000000 0.014084507042 0.049295774648
0.010563380282 0.031690140845 0.901408450704 0.056338028169
MOTIF HepG2.SUGP2.2
letter-probability matrix: alength= 4 w= 7
0.006289308176 0.000000000000 0.017610062893 0.976100628931
0.008805031447 0.748427672956 0.065408805031 0.177358490566
0.008805031447 0.000000000000 0.000000000000 0.991194968553
0.007547169811 0.036477987421 0.821383647799 0.134591194969
0.023899371069 0.000000000000 0.021383647799 0.954716981132
0.049056603774 0.221383647799 0.628930817610 0.100628930818
0.062893081761 0.077987421384 0.713207547170 0.145911949686
MOTIF HepG2.SUGP2.3
letter-probability matrix: alength= 4 w= 7
0.003043213634 0.000000000000 0.003043213634 0.993913572733
0.027997565429 0.043822276324 0.612294583080 0.315885575167
0.017041996348 0.013998782715 0.010955569081 0.958003651856
0.025562994522 0.764455264760 0.014607425441 0.195374315277
0.010955569081 0.008520998174 0.002434570907 0.978088861838
0.004260499087 0.017650639075 0.016433353621 0.961655508217
0.017650639075 0.762629336579 0.050517346318 0.169202678028
