MEME version 5
ALPHABET= ACGU
Background letter frequencies:A 0.25 C 0.25 G 0.25 U 0.25
MOTIF HepG2.PRPF8.3
letter-probability matrix: alength= 4 w= 7
0.055571147909 0.034240808308 0.861142295818 0.049045747965
0.000000000000 0.000000000000 1.000000000000 0.000000000000
0.000000000000 0.002034802133 0.000000000000 0.997965197867
0.070025259613 0.027294414819 0.897698568622 0.004981756946
0.909275891103 0.020909346057 0.054097670502 0.015717092338
0.002104967724 0.005683412854 0.990457479652 0.001754139770
0.075919169239 0.157030592198 0.178360931799 0.588689306764
MOTIF HepG2.PRPF8.0
letter-probability matrix: alength= 4 w= 7
0.000000000000 0.000000000000 0.996924083770 0.003075916230
0.000000000000 0.008900523560 0.001178010471 0.989921465969
0.289594240838 0.022185863874 0.684293193717 0.003926701571
0.853010471204 0.032133507853 0.084947643979 0.029908376963
0.004253926702 0.008507853403 0.987238219895 0.000000000000
0.078403141361 0.095287958115 0.131937172775 0.694371727749
0.200981675393 0.092146596859 0.656675392670 0.050196335079
MOTIF HepG2.PRPF8.4
letter-probability matrix: alength= 4 w= 7
0.000000000000 0.001819174095 0.000000000000 0.998180825905
0.049481535383 0.018737493178 0.928870292887 0.002910678552
0.941240676733 0.012006549027 0.034928142623 0.011824631617
0.000727669638 0.002183008914 0.995997816991 0.001091504457
0.034564307804 0.043114426051 0.056576314353 0.865744951792
0.052937966163 0.080043660178 0.837547753320 0.029470620338
0.091140622158 0.612515917773 0.179006730944 0.117336729125
MOTIF HepG2.PRPF8.6
letter-probability matrix: alength= 4 w= 7
0.965805877115 0.003739982191 0.013891362422 0.016562778272
0.007123775601 0.000000000000 0.992876224399 0.000000000000
0.000000000000 0.000000000000 1.000000000000 0.000000000000
0.000000000000 0.000000000000 0.000000000000 1.000000000000
0.889581478183 0.028138913624 0.062154942119 0.020124666073
0.373820124666 0.082813891362 0.252894033838 0.290471950134
0.005877114871 0.016740872663 0.964737310775 0.012644701692
MOTIF HepG2.PRPF8.1
letter-probability matrix: alength= 4 w= 7
0.107797270955 0.133138401559 0.093177387914 0.665886939571
0.063157894737 0.767251461988 0.111890838207 0.057699805068
0.780311890838 0.179727095517 0.025341130604 0.014619883041
0.946588693957 0.016179337232 0.013645224172 0.023586744639
0.008576998051 0.003313840156 0.983430799220 0.004678362573
0.000000000000 0.000000000000 1.000000000000 0.000000000000
0.004873294347 0.001754385965 0.000000000000 0.993372319688
MOTIF HepG2.PRPF8.2
letter-probability matrix: alength= 4 w= 7
0.731866899302 0.078078265204 0.089419242273 0.100635593220
0.026794616152 0.014082751745 0.940802592223 0.018320039880
0.000000000000 0.000000000000 1.000000000000 0.000000000000
0.004548853440 0.002866400798 0.005171984048 0.987412761715
0.130795114656 0.037450149551 0.824900299103 0.006854436690
0.866961615155 0.029474077767 0.081817048853 0.021747258225
0.012587238285 0.014955134596 0.963858424726 0.008599202393
MOTIF HepG2.PRPF8.7
letter-probability matrix: alength= 4 w= 7
0.152776454900 0.684636632060 0.138679874274 0.023907038766
0.869320887704 0.034003238404 0.037432136394 0.059243737499
0.019239927612 0.007334031813 0.964568054100 0.008857986475
0.001619201829 0.001809696162 0.996571102010 0.000000000000
0.002476426326 0.002095437661 0.001619201829 0.993808934184
0.122202114487 0.029050385751 0.843699399943 0.005048099819
0.881607772169 0.039908562720 0.061053433660 0.017430231451
MOTIF HepG2.PRPF8.5
letter-probability matrix: alength= 4 w= 7
0.011008628384 0.000000000000 0.981553109194 0.007438262422
0.000000000000 0.000000000000 1.000000000000 0.000000000000
0.002082713478 0.005950609938 0.001785182981 0.990181493603
0.886938411187 0.029157988694 0.066944361797 0.016959238322
0.296935435882 0.080333234157 0.209759000298 0.412972329664
0.002082713478 0.014281463850 0.972924724784 0.010711097888
0.031835763166 0.043439452544 0.087473966082 0.837250818209
