MEME version 5
ALPHABET= ACGU
Background letter frequencies:A 0.25 C 0.25 G 0.25 U 0.25
MOTIF HepG2.RPS5.2
letter-probability matrix: alength= 4 w= 7
0.000000000000 0.000000000000 1.000000000000 0.000000000000
0.048245614035 0.912280701754 0.026315789474 0.013157894737
0.864035087719 0.057017543860 0.057017543860 0.021929824561
0.000000000000 0.021929824561 0.043859649123 0.934210526316
0.013157894737 0.000000000000 0.969298245614 0.017543859649
0.061403508772 0.557017543860 0.144736842105 0.236842105263
0.228070175439 0.219298245614 0.276315789474 0.276315789474
MOTIF HepG2.RPS5.0
letter-probability matrix: alength= 4 w= 7
0.071428571429 0.042857142857 0.014285714286 0.871428571429
0.000000000000 0.014285714286 0.961904761905 0.023809523810
0.061904761905 0.919047619048 0.000000000000 0.019047619048
0.880952380952 0.057142857143 0.042857142857 0.019047619048
0.014285714286 0.014285714286 0.028571428571 0.942857142857
0.000000000000 0.000000000000 0.971428571429 0.028571428571
0.247619047619 0.452380952381 0.114285714286 0.185714285714
MOTIF HepG2.RPS5.1
letter-probability matrix: alength= 4 w= 7
0.210526315789 0.278947368421 0.289473684211 0.221052631579
0.084210526316 0.039473684211 0.023684210526 0.852631578947
0.000000000000 0.010526315789 0.950000000000 0.039473684211
0.068421052632 0.881578947368 0.028947368421 0.021052631579
0.765789473684 0.121052631579 0.055263157895 0.057894736842
0.015789473684 0.018421052632 0.052631578947 0.913157894737
0.015789473684 0.021052631579 0.928947368421 0.034210526316
