MEME version 5
ALPHABET= ACGU
Background letter frequencies:A 0.25 C 0.25 G 0.25 U 0.25
MOTIF HepG2.SRSF1.0
letter-probability matrix: alength= 4 w= 7
0.041487839771 0.885550786838 0.032904148784 0.040057224607
0.017167381974 0.000000000000 0.010014306152 0.972818311874
0.000000000000 0.000000000000 0.994277539342 0.005722460658
0.005722460658 0.000000000000 0.981402002861 0.012875536481
0.921316165951 0.027181688126 0.035765379113 0.015736766810
0.047210300429 0.808297567954 0.124463519313 0.020028612303
0.535050071531 0.267525035765 0.097281831187 0.100143061516
MOTIF HepG2.SRSF1.1
letter-probability matrix: alength= 4 w= 7
0.375832053251 0.194060419867 0.068612391193 0.361495135689
0.092677931388 0.429595494112 0.311315924219 0.166410650282
0.067588325653 0.728622631848 0.131592421915 0.072196620584
0.059907834101 0.010752688172 0.020993343574 0.908346134153
0.000000000000 0.000000000000 1.000000000000 0.000000000000
0.012800819252 0.014336917563 0.972862263185 0.000000000000
0.920634920635 0.023041474654 0.041474654378 0.014848950333
MOTIF HepG2.SRSF1.2
letter-probability matrix: alength= 4 w= 7
0.495395948435 0.344383057090 0.060773480663 0.099447513812
0.038674033149 0.007366482505 0.025782688766 0.928176795580
0.000000000000 0.014732965009 0.977900552486 0.007366482505
0.022099447514 0.000000000000 0.968692449355 0.009208103131
0.972375690608 0.016574585635 0.000000000000 0.011049723757
0.020257826888 0.876611418048 0.077348066298 0.025782688766
0.053406998158 0.852670349908 0.049723756906 0.044198895028
MOTIF HepG2.SRSF1.3
letter-probability matrix: alength= 4 w= 7
0.050847457627 0.014830508475 0.028601694915 0.905720338983
0.003177966102 0.009533898305 0.960805084746 0.026483050847
0.024364406780 0.010593220339 0.955508474576 0.009533898305
0.950211864407 0.034957627119 0.009533898305 0.005296610169
0.038135593220 0.742584745763 0.173728813559 0.045550847458
0.061440677966 0.806144067797 0.074152542373 0.058262711864
0.362288135593 0.079449152542 0.049788135593 0.508474576271
MOTIF HepG2.SRSF1.4
letter-probability matrix: alength= 4 w= 7
0.023300970874 0.860194174757 0.081553398058 0.034951456311
0.609708737864 0.231067961165 0.066019417476 0.093203883495
0.062135922330 0.007766990291 0.031067961165 0.899029126214
0.000000000000 0.023300970874 0.953398058252 0.023300970874
0.007766990291 0.000000000000 0.986407766990 0.005825242718
0.955339805825 0.025242718447 0.011650485437 0.007766990291
0.021359223301 0.831067961165 0.118446601942 0.029126213592
