MEME version 5
ALPHABET= ACGU
Background letter frequencies:A 0.25 C 0.25 G 0.25 U 0.25
MOTIF HepG2.ILF3.2
letter-probability matrix: alength= 4 w= 7
0.015030060120 0.512024048096 0.406813627255 0.066132264529
0.041082164329 0.011022044088 0.025050100200 0.922845691383
0.021042084168 0.013026052104 0.904809619238 0.061122244489
0.049098196393 0.041082164329 0.869739478958 0.040080160321
0.022044088176 0.715430861723 0.095190380762 0.167334669339
0.084168336673 0.833667334669 0.030060120240 0.052104208417
0.045090180361 0.033066132265 0.036072144289 0.885771543086
MOTIF HepG2.ILF3.1
letter-probability matrix: alength= 4 w= 7
0.058252427184 0.779126213592 0.111650485437 0.050970873786
0.106796116505 0.805825242718 0.021844660194 0.065533980583
0.041262135922 0.898058252427 0.009708737864 0.050970873786
0.038834951456 0.024271844660 0.016990291262 0.919902912621
0.024271844660 0.036407766990 0.866504854369 0.072815533981
0.026699029126 0.007281553398 0.048543689320 0.917475728155
0.038834951456 0.048543689320 0.876213592233 0.036407766990
MOTIF HepG2.ILF3.5
letter-probability matrix: alength= 4 w= 7
0.038095238095 0.057142857143 0.835714285714 0.069047619048
0.019047619048 0.866666666667 0.076190476190 0.038095238095
0.023809523810 0.880952380952 0.002380952381 0.092857142857
0.202380952381 0.733333333333 0.033333333333 0.030952380952
0.033333333333 0.014285714286 0.030952380952 0.921428571429
0.016666666667 0.000000000000 0.921428571429 0.061904761905
0.026190476190 0.045238095238 0.038095238095 0.890476190476
MOTIF HepG2.ILF3.0
letter-probability matrix: alength= 4 w= 7
0.041809851088 0.012600229095 0.037227949599 0.908361970218
0.061282932417 0.018900343643 0.840778923253 0.079037800687
0.042955326460 0.285796105384 0.639747995418 0.031500572738
0.027491408935 0.812714776632 0.071592210767 0.088201603666
0.097365406644 0.822451317297 0.032073310424 0.048109965636
0.121420389462 0.020045819015 0.036655211913 0.821878579611
0.008018327606 0.289805269187 0.675257731959 0.026918671249
MOTIF HepG2.ILF3.4
letter-probability matrix: alength= 4 w= 7
0.023529411765 0.204705882353 0.701176470588 0.070588235294
0.872941176471 0.025882352941 0.040000000000 0.061176470588
0.011764705882 0.016470588235 0.903529411765 0.068235294118
0.016470588235 0.868235294118 0.016470588235 0.098823529412
0.016470588235 0.983529411765 0.000000000000 0.000000000000
0.087058823529 0.054117647059 0.016470588235 0.842352941176
0.016470588235 0.858823529412 0.105882352941 0.018823529412
MOTIF HepG2.ILF3.3
letter-probability matrix: alength= 4 w= 7
0.009900990099 0.023102310231 0.016501650165 0.950495049505
0.000000000000 0.943894389439 0.023102310231 0.033003300330
0.029702970297 0.953795379538 0.006600660066 0.009900990099
0.006600660066 0.976897689769 0.000000000000 0.016501650165
0.092409240924 0.811881188119 0.000000000000 0.095709570957
0.046204620462 0.181518151815 0.564356435644 0.207920792079
0.019801980198 0.075907590759 0.052805280528 0.851485148515
MOTIF HepG2.ILF3.6
letter-probability matrix: alength= 4 w= 7
0.029900332226 0.820598006645 0.096345514950 0.053156146179
0.019933554817 0.940199335548 0.013289036545 0.026578073090
0.059800664452 0.880398671096 0.009966777409 0.049833887043
0.149501661130 0.000000000000 0.066445182724 0.784053156146
0.036544850498 0.006644518272 0.906976744186 0.049833887043
0.026578073090 0.076411960133 0.847176079734 0.049833887043
0.036544850498 0.043189368771 0.066445182724 0.853820598007
