MEME version 5
ALPHABET= ACGU
Background letter frequencies:A 0.25 C 0.25 G 0.25 U 0.25
MOTIF HepG2.NKRF.0
letter-probability matrix: alength= 4 w= 7
0.000000000000 0.000000000000 1.000000000000 0.000000000000
0.000000000000 0.000000000000 1.000000000000 0.000000000000
0.002375296912 0.014251781473 0.976247030879 0.007125890736
0.019002375297 0.061757719715 0.097387173397 0.821852731591
0.011876484561 0.061757719715 0.125890736342 0.800475059382
0.019002375297 0.591448931116 0.258907363420 0.130641330166
0.030878859857 0.066508313539 0.843230403800 0.059382422803
MOTIF HepG2.NKRF.4
letter-probability matrix: alength= 4 w= 7
0.033944954128 0.610091743119 0.288990825688 0.066972477064
0.027522935780 0.033944954128 0.092660550459 0.845871559633
0.007339449541 0.011926605505 0.941284403670 0.039449541284
0.018348623853 0.013761467890 0.935779816514 0.032110091743
0.020183486239 0.010091743119 0.944036697248 0.025688073394
0.033944954128 0.022018348624 0.890825688073 0.053211009174
0.031192660550 0.041284403670 0.899082568807 0.028440366972
MOTIF HepG2.NKRF.5
letter-probability matrix: alength= 4 w= 7
0.000000000000 0.003003003003 0.969969969970 0.027027027027
0.024024024024 0.000000000000 0.939939939940 0.036036036036
0.027027027027 0.033033033033 0.933933933934 0.006006006006
0.060060060060 0.072072072072 0.162162162162 0.705705705706
0.021021021021 0.828828828829 0.111111111111 0.039039039039
0.015015015015 0.942942942943 0.015015015015 0.027027027027
0.726726726727 0.129129129129 0.081081081081 0.063063063063
MOTIF HepG2.NKRF.2
letter-probability matrix: alength= 4 w= 7
0.004524886878 0.015837104072 0.967194570136 0.012443438914
0.084841628959 0.651583710407 0.135746606335 0.127828054299
0.011312217195 0.010180995475 0.935520361991 0.042986425339
0.001131221719 0.000000000000 0.990950226244 0.007918552036
0.003393665158 0.003393665158 0.987556561086 0.005656108597
0.013574660633 0.015837104072 0.954751131222 0.015837104072
0.092760180995 0.134615384615 0.208144796380 0.564479638009
MOTIF HepG2.NKRF.1
letter-probability matrix: alength= 4 w= 7
0.016697588126 0.860853432282 0.098330241187 0.024118738404
0.018552875696 0.842300556586 0.100185528757 0.038961038961
0.029684601113 0.823747680891 0.068645640074 0.077922077922
0.068645640074 0.061224489796 0.799628942486 0.070500927644
0.024118738404 0.033395176252 0.922077922078 0.020408163265
0.014842300557 0.046382189239 0.918367346939 0.020408163265
0.018552875696 0.059369202226 0.875695732839 0.046382189239
MOTIF HepG2.NKRF.8
letter-probability matrix: alength= 4 w= 7
0.012161632013 0.020400156924 0.955276579051 0.012161632013
0.009415457042 0.018830914084 0.956845821891 0.014907806983
0.155355041193 0.566104354649 0.091016084739 0.187524519419
0.047469595920 0.030992546097 0.875637504904 0.045900353080
0.009023146332 0.020400156924 0.958807375441 0.011769321302
0.018046292664 0.052961945861 0.908983915261 0.020007846214
0.031384856807 0.039623381718 0.906630051000 0.022361710475
MOTIF HepG2.NKRF.3
letter-probability matrix: alength= 4 w= 7
0.022840119166 0.023336643496 0.913108242304 0.040714995035
0.023833167825 0.012413108242 0.931976166832 0.031777557100
0.042701092354 0.019364448858 0.905163853029 0.032770605760
0.050645481629 0.035749751738 0.871896722939 0.041708043694
0.029791459782 0.028798411122 0.697616683217 0.243793445879
0.039721946375 0.778550148957 0.131082423039 0.050645481629
0.049652432969 0.742800397219 0.141012909633 0.066534260179
MOTIF HepG2.NKRF.6
letter-probability matrix: alength= 4 w= 7
0.056830601093 0.349726775956 0.522404371585 0.071038251366
0.019672131148 0.030601092896 0.919125683060 0.030601092896
0.012021857923 0.057923497268 0.109289617486 0.820765027322
0.002185792350 0.000000000000 0.994535519126 0.003278688525
0.005464480874 0.000000000000 0.990163934426 0.004371584699
0.005464480874 0.002185792350 0.984699453552 0.007650273224
0.000000000000 0.015300546448 0.974863387978 0.009836065574
MOTIF HepG2.NKRF.7
letter-probability matrix: alength= 4 w= 7
0.023985239852 0.016605166052 0.915129151292 0.044280442804
0.017835178352 0.014145141451 0.945879458795 0.022140221402
0.037515375154 0.008610086101 0.933579335793 0.020295202952
0.015990159902 0.033825338253 0.928659286593 0.021525215252
0.029520295203 0.736162361624 0.187576875769 0.046740467405
0.065805658057 0.054120541205 0.196186961870 0.683886838868
0.005535055351 0.030750307503 0.943419434194 0.020295202952
