MEME version 5
ALPHABET= ACGU
Background letter frequencies:A 0.25 C 0.25 G 0.25 U 0.25
MOTIF HepG2.SMNDC1.6
letter-probability matrix: alength= 4 w= 7
0.000000000000 0.952380952381 0.000000000000 0.047619047619
0.190476190476 0.000000000000 0.095238095238 0.714285714286
0.857142857143 0.000000000000 0.047619047619 0.095238095238
0.904761904762 0.000000000000 0.000000000000 0.095238095238
0.095238095238 0.857142857143 0.047619047619 0.000000000000
0.000000000000 0.952380952381 0.000000000000 0.047619047619
0.047619047619 0.904761904762 0.000000000000 0.047619047619
MOTIF HepG2.SMNDC1.8
letter-probability matrix: alength= 4 w= 7
0.000000000000 0.937500000000 0.000000000000 0.062500000000
0.937500000000 0.000000000000 0.000000000000 0.062500000000
0.750000000000 0.062500000000 0.187500000000 0.000000000000
0.000000000000 0.000000000000 0.000000000000 1.000000000000
0.062500000000 0.875000000000 0.000000000000 0.062500000000
0.062500000000 0.125000000000 0.000000000000 0.812500000000
0.687500000000 0.187500000000 0.000000000000 0.125000000000
MOTIF HepG2.SMNDC1.5
letter-probability matrix: alength= 4 w= 7
0.692307692308 0.153846153846 0.076923076923 0.076923076923
0.076923076923 0.923076923077 0.000000000000 0.000000000000
0.000000000000 0.923076923077 0.000000000000 0.076923076923
0.923076923077 0.000000000000 0.000000000000 0.076923076923
0.000000000000 0.000000000000 0.000000000000 1.000000000000
0.769230769231 0.000000000000 0.076923076923 0.153846153846
0.000000000000 0.769230769231 0.076923076923 0.153846153846
MOTIF HepG2.SMNDC1.7
letter-probability matrix: alength= 4 w= 7
0.052631578947 0.815789473684 0.000000000000 0.131578947368
0.052631578947 0.026315789474 0.078947368421 0.842105263158
0.736842105263 0.052631578947 0.078947368421 0.131578947368
0.026315789474 0.894736842105 0.000000000000 0.078947368421
0.026315789474 0.000000000000 0.000000000000 0.973684210526
0.052631578947 0.052631578947 0.894736842105 0.000000000000
0.921052631579 0.026315789474 0.000000000000 0.052631578947
MOTIF HepG2.SMNDC1.0
letter-probability matrix: alength= 4 w= 7
0.950000000000 0.000000000000 0.050000000000 0.000000000000
0.000000000000 0.750000000000 0.200000000000 0.050000000000
0.100000000000 0.000000000000 0.000000000000 0.900000000000
0.050000000000 0.000000000000 0.950000000000 0.000000000000
0.950000000000 0.000000000000 0.050000000000 0.000000000000
0.200000000000 0.600000000000 0.000000000000 0.200000000000
0.000000000000 0.050000000000 0.000000000000 0.950000000000
MOTIF HepG2.SMNDC1.1
letter-probability matrix: alength= 4 w= 7
0.058823529412 0.000000000000 0.029411764706 0.911764705882
0.058823529412 0.000000000000 0.705882352941 0.235294117647
0.852941176471 0.058823529412 0.000000000000 0.088235294118
0.058823529412 0.794117647059 0.058823529412 0.088235294118
0.911764705882 0.058823529412 0.000000000000 0.029411764706
0.000000000000 0.970588235294 0.000000000000 0.029411764706
0.058823529412 0.058823529412 0.000000000000 0.882352941176
MOTIF HepG2.SMNDC1.4
letter-probability matrix: alength= 4 w= 7
0.066666666667 0.000000000000 0.933333333333 0.000000000000
0.866666666667 0.066666666667 0.066666666667 0.000000000000
0.000000000000 0.133333333333 0.133333333333 0.733333333333
0.866666666667 0.066666666667 0.000000000000 0.066666666667
0.000000000000 0.933333333333 0.000000000000 0.066666666667
0.066666666667 0.000000000000 0.066666666667 0.866666666667
0.866666666667 0.000000000000 0.000000000000 0.133333333333
MOTIF HepG2.SMNDC1.2
letter-probability matrix: alength= 4 w= 7
0.000000000000 0.020000000000 0.020000000000 0.960000000000
0.720000000000 0.080000000000 0.060000000000 0.140000000000
0.020000000000 0.440000000000 0.020000000000 0.520000000000
0.040000000000 0.000000000000 0.000000000000 0.960000000000
0.060000000000 0.000000000000 0.840000000000 0.100000000000
0.900000000000 0.060000000000 0.000000000000 0.040000000000
0.140000000000 0.680000000000 0.100000000000 0.080000000000
MOTIF HepG2.SMNDC1.3
letter-probability matrix: alength= 4 w= 7
0.875000000000 0.062500000000 0.031250000000 0.031250000000
0.062500000000 0.875000000000 0.000000000000 0.062500000000
0.031250000000 0.000000000000 0.000000000000 0.968750000000
0.031250000000 0.812500000000 0.000000000000 0.156250000000
0.062500000000 0.000000000000 0.000000000000 0.937500000000
0.750000000000 0.062500000000 0.062500000000 0.125000000000
0.000000000000 0.062500000000 0.031250000000 0.906250000000
