MEME version 5
ALPHABET= ACGU
Background letter frequencies:A 0.25 C 0.25 G 0.25 U 0.25
MOTIF HepG2.HNRNPA1.3
letter-probability matrix: alength= 4 w= 7
1.000000000000 0.000000000000 0.000000000000 0.000000000000
0.054021847071 0.000000000000 0.941956305859 0.004021847071
0.019811320755 0.000000000000 0.970009930487 0.010178748759
0.093992055611 0.027010923535 0.859781529295 0.019215491559
0.996673286991 0.000000000000 0.000000000000 0.003326713009
0.008093346574 0.008242303873 0.983664349553 0.000000000000
0.500794438928 0.151539225422 0.229692154916 0.117974180735
MOTIF HepG2.HNRNPA1.4
letter-probability matrix: alength= 4 w= 7
1.000000000000 0.000000000000 0.000000000000 0.000000000000
0.000000000000 0.000000000000 1.000000000000 0.000000000000
0.009341764875 0.009198045415 0.953434895085 0.028025294625
0.258120149468 0.050445530325 0.438631790744 0.252802529462
1.000000000000 0.000000000000 0.000000000000 0.000000000000
0.000000000000 0.000000000000 1.000000000000 0.000000000000
0.055619430871 0.840902558206 0.068410462777 0.035067548146
MOTIF HepG2.HNRNPA1.2
letter-probability matrix: alength= 4 w= 7
1.000000000000 0.000000000000 0.000000000000 0.000000000000
0.015561144294 0.000000000000 0.977208425024 0.007230430682
0.026563973593 0.021062558944 0.920150895945 0.032222571518
0.164728072933 0.423451744734 0.373467463062 0.038352719271
1.000000000000 0.000000000000 0.000000000000 0.000000000000
0.000000000000 0.000000000000 1.000000000000 0.000000000000
0.085507701981 0.055171329771 0.124174787803 0.735146180446
MOTIF HepG2.HNRNPA1.5
letter-probability matrix: alength= 4 w= 7
0.912110858011 0.005694760820 0.032270311314 0.049924069856
0.027334851936 0.041192103265 0.896924829157 0.034548215642
0.103644646925 0.099658314351 0.149962034928 0.646735003797
0.053340926348 0.790053151101 0.091116173121 0.065489749431
0.964312832194 0.001518602885 0.002467729689 0.031700835232
0.018792710706 0.000000000000 0.970956719818 0.010250569476
0.038914198937 0.029992406986 0.894267274108 0.036826119970
MOTIF HepG2.HNRNPA1.0
letter-probability matrix: alength= 4 w= 7
0.122082951187 0.110669520024 0.175583409763 0.591664119026
0.055130948741 0.668093345562 0.141750738816 0.135024966881
0.998777132375 0.000000000000 0.000000000000 0.001222867625
0.019769693264 0.000000000000 0.980230306736 0.000000000000
0.003974319780 0.000000000000 0.991745643534 0.004280036686
0.064098644655 0.013043921329 0.913889738103 0.008967695914
1.000000000000 0.000000000000 0.000000000000 0.000000000000
MOTIF HepG2.HNRNPA1.1
letter-probability matrix: alength= 4 w= 7
0.163711253840 0.288536721586 0.211323652611 0.336428371963
1.000000000000 0.000000000000 0.000000000000 0.000000000000
0.131597319185 0.000000000000 0.868402680815 0.000000000000
0.012042725496 0.000000000000 0.987957274504 0.000000000000
0.255550125663 0.075502652890 0.654251605697 0.014695615750
1.000000000000 0.000000000000 0.000000000000 0.000000000000
0.000000000000 0.000000000000 1.000000000000 0.000000000000
