MEME version 5
ALPHABET= ACGU
Background letter frequencies:A 0.25 C 0.25 G 0.25 U 0.25
MOTIF HepG2.FAM120A.4
letter-probability matrix: alength= 4 w= 7
0.047976413830 0.073304744036 0.794961136425 0.083757705709
0.348432055749 0.016751541142 0.591396408470 0.043419994640
0.062449745377 0.013535245243 0.885285446261 0.038729563120
0.038193513803 0.005628517824 0.939426427231 0.016751541142
0.035513267221 0.033101045296 0.921468775127 0.009916912356
0.727418922541 0.064191905655 0.093272581077 0.115116590726
0.027606539802 0.012731171268 0.945725006701 0.013937282230
MOTIF HepG2.FAM120A.1
letter-probability matrix: alength= 4 w= 7
0.017051153460 0.013540621866 0.952106318957 0.017301905717
0.010531594784 0.016048144433 0.960631895687 0.012788365095
0.179538615848 0.499498495486 0.100300902708 0.220661985958
0.049398194584 0.022567703109 0.880641925777 0.047392176530
0.005767301906 0.014543630893 0.968154463390 0.011534603811
0.025325977934 0.017803410231 0.938314944835 0.018555667001
0.038114343029 0.033350050150 0.909979939819 0.018555667001
MOTIF HepG2.FAM120A.5
letter-probability matrix: alength= 4 w= 7
0.012564671101 0.006651884701 0.969696969697 0.011086474501
0.015521064302 0.006651884701 0.974131559497 0.003695491500
0.013303769401 0.008869179601 0.972653362897 0.005173688101
0.014781966001 0.011825572801 0.969696969697 0.003695491500
0.085735402809 0.681448632668 0.140428677014 0.092387287509
0.028085735403 0.022172949002 0.933481152993 0.016260162602
0.014042867701 0.547671840355 0.414634146341 0.023651145602
MOTIF HepG2.FAM120A.2
letter-probability matrix: alength= 4 w= 7
0.011420413990 0.013561741613 0.962883654532 0.012134189864
0.092790863669 0.605995717345 0.127765881513 0.173447537473
0.023554603854 0.010706638116 0.939329050678 0.026409707352
0.002855103498 0.004996431121 0.985724482512 0.006423982869
0.010706638116 0.002855103498 0.982869379015 0.003568879372
0.002855103498 0.012134189864 0.982155603141 0.002855103498
0.117773019272 0.119200571021 0.157030692363 0.605995717345
MOTIF HepG2.FAM120A.6
letter-probability matrix: alength= 4 w= 7
0.016363636364 0.015909090909 0.964090909091 0.003636363636
0.676363636364 0.075000000000 0.092727272727 0.155909090909
0.044090909091 0.005909090909 0.931818181818 0.018181818182
0.024545454545 0.001363636364 0.962272727273 0.011818181818
0.034545454545 0.005000000000 0.936363636364 0.024090909091
0.050454545455 0.028636363636 0.914545454545 0.006363636364
0.731363636364 0.073181818182 0.136818181818 0.058636363636
MOTIF HepG2.FAM120A.8
letter-probability matrix: alength= 4 w= 7
0.015984654731 0.003196930946 0.971867007673 0.008951406650
0.008951406650 0.000000000000 0.987212276215 0.003836317136
0.012468030691 0.014386189258 0.973145780051 0.000000000000
0.851023017903 0.041240409207 0.058503836317 0.049232736573
0.012148337596 0.000000000000 0.987851662404 0.000000000000
0.019181585678 0.014386189258 0.966432225064 0.000000000000
0.156010230179 0.371163682864 0.400575447570 0.072250639386
MOTIF HepG2.FAM120A.0
letter-probability matrix: alength= 4 w= 7
0.047290640394 0.568965517241 0.276847290640 0.106896551724
0.022167487685 0.030049261084 0.056157635468 0.891625615764
0.000000000000 0.009359605911 0.960098522167 0.030541871921
0.022660098522 0.014778325123 0.925615763547 0.036945812808
0.030049261084 0.005418719212 0.938423645320 0.026108374384
0.043842364532 0.012315270936 0.900492610837 0.043349753695
0.038916256158 0.030049261084 0.894088669951 0.036945812808
MOTIF HepG2.FAM120A.3
letter-probability matrix: alength= 4 w= 7
0.121911573472 0.020318595579 0.797464239272 0.060305591678
0.042912873862 0.010240572172 0.921326397919 0.025520156047
0.032672301691 0.003250975293 0.942295188557 0.021781534460
0.029908972692 0.033810143043 0.925552665800 0.010728218466
0.681566970091 0.091189856957 0.065019505852 0.162223667100
0.025195058518 0.009752925878 0.949447334200 0.015604681404
0.020481144343 0.017067620286 0.953185955787 0.009265279584
MOTIF HepG2.FAM120A.7
letter-probability matrix: alength= 4 w= 7
0.096430807765 0.217908578585 0.551033187226 0.134627426425
0.005635566688 0.028177833438 0.945522855354 0.020663744521
0.007514088917 0.033187226049 0.061991233563 0.897307451472
0.000000000000 0.000000000000 0.996869129618 0.003130870382
0.000000000000 0.000000000000 0.998121477771 0.001878522229
0.002504696306 0.000000000000 0.997495303694 0.000000000000
0.000000000000 0.000000000000 0.990607388854 0.009392611146
