MEME version 5
ALPHABET= ACGU
Background letter frequencies:A 0.25 C 0.25 G 0.25 U 0.25
MOTIF HepG2.HNRNPU.4
letter-probability matrix: alength= 4 w= 7
0.947567312234 0.000000000000 0.029759093056 0.022673594709
0.025035427492 0.000000000000 0.964100141710 0.010864430798
0.037789324516 0.014170996693 0.928672649976 0.019367028814
0.587151629665 0.041568256967 0.338214454417 0.033065658951
0.931506849315 0.001889466226 0.050543221540 0.016060462919
0.023145961266 0.000000000000 0.966461974492 0.010392064242
0.072744449693 0.068965517241 0.817666509211 0.040623523855
MOTIF HepG2.HNRNPU.5
letter-probability matrix: alength= 4 w= 7
0.043654822335 0.000000000000 0.919796954315 0.036548223350
0.000000000000 0.000000000000 1.000000000000 0.000000000000
0.030456852792 0.002030456853 0.956345177665 0.011167512690
0.987817258883 0.000000000000 0.007106598985 0.005076142132
0.005076142132 0.000000000000 0.992893401015 0.002030456853
0.683248730964 0.064974619289 0.216243654822 0.035532994924
0.132994923858 0.573604060914 0.219289340102 0.074111675127
MOTIF HepG2.HNRNPU.1
letter-probability matrix: alength= 4 w= 7
0.133492252682 0.000000000000 0.150178784267 0.716328963051
0.085816448153 0.015494636472 0.840286054827 0.058402860548
0.809296781883 0.000000000000 0.148986889154 0.041716328963
0.032181168057 0.051251489869 0.877234803337 0.039332538737
0.961859356377 0.000000000000 0.021454112038 0.016686531585
0.039332538737 0.023837902265 0.899880810489 0.036948748510
0.029797377831 0.008343265793 0.949940405244 0.011918951132
MOTIF HepG2.HNRNPU.3
letter-probability matrix: alength= 4 w= 7
0.042704626335 0.004744958482 0.940688018980 0.011862396204
0.048635824437 0.018979833926 0.907473309609 0.024911032028
0.168446026097 0.448398576512 0.316725978648 0.066429418743
0.960854092527 0.000000000000 0.021352313167 0.017793594306
0.007117437722 0.000000000000 0.988137603796 0.004744958482
0.010676156584 0.013048635824 0.958481613286 0.017793594306
0.842230130486 0.017793594306 0.120996441281 0.018979833926
MOTIF HepG2.HNRNPU.7
letter-probability matrix: alength= 4 w= 7
0.986531986532 0.000000000000 0.013468013468 0.000000000000
0.050505050505 0.000000000000 0.925925925926 0.023569023569
0.060606060606 0.057239057239 0.861952861953 0.020202020202
0.074074074074 0.791245791246 0.090909090909 0.043771043771
0.121212121212 0.037037037037 0.010101010101 0.831649831650
0.030303030303 0.020202020202 0.942760942761 0.006734006734
0.858585858586 0.013468013468 0.080808080808 0.047138047138
MOTIF HepG2.HNRNPU.2
letter-probability matrix: alength= 4 w= 7
0.779310344828 0.068965517241 0.082758620690 0.068965517241
0.931034482759 0.000000000000 0.034482758621 0.034482758621
0.041379310345 0.006896551724 0.910344827586 0.041379310345
0.055172413793 0.048275862069 0.862068965517 0.034482758621
0.048275862069 0.820689655172 0.096551724138 0.034482758621
0.068965517241 0.882758620690 0.000000000000 0.048275862069
0.096551724138 0.041379310345 0.000000000000 0.862068965517
MOTIF HepG2.HNRNPU.9
letter-probability matrix: alength= 4 w= 7
0.935779816514 0.000000000000 0.045871559633 0.018348623853
0.080275229358 0.000000000000 0.899082568807 0.020642201835
0.077981651376 0.055045871560 0.818807339450 0.048165137615
0.075688073394 0.736238532110 0.116972477064 0.071100917431
0.075688073394 0.855504587156 0.029816513761 0.038990825688
0.942660550459 0.002293577982 0.016055045872 0.038990825688
0.027522935780 0.027522935780 0.922018348624 0.022935779817
MOTIF HepG2.HNRNPU.0
letter-probability matrix: alength= 4 w= 7
0.117755289788 0.111315547378 0.184912603496 0.586016559338
0.058877644894 0.659613615455 0.132474701012 0.149034038638
0.990800367985 0.000000000000 0.002759889604 0.006439742410
0.011959521619 0.000000000000 0.985280588776 0.002759889604
0.005519779209 0.000000000000 0.988040478381 0.006439742410
0.061637534499 0.009199632015 0.925482980681 0.003679852806
0.993560257590 0.000000000000 0.001839926403 0.004599816007
MOTIF HepG2.HNRNPU.6
letter-probability matrix: alength= 4 w= 7
0.969630281690 0.000000000000 0.016285211268 0.014084507042
0.039172535211 0.000000000000 0.953785211268 0.007042253521
0.027288732394 0.000000000000 0.958186619718 0.014524647887
0.067781690141 0.016725352113 0.896126760563 0.019366197183
0.967869718310 0.000000000000 0.018926056338 0.013204225352
0.014524647887 0.012323943662 0.963468309859 0.009683098592
0.500000000000 0.109154929577 0.315140845070 0.075704225352
MOTIF HepG2.HNRNPU.8
letter-probability matrix: alength= 4 w= 7
0.118895966030 0.602972399151 0.182590233546 0.095541401274
0.908704883227 0.008492569002 0.019108280255 0.063694267516
0.040339702760 0.084925690021 0.813163481953 0.061571125265
0.921443736730 0.000000000000 0.029723991507 0.048832271762
0.044585987261 0.000000000000 0.949044585987 0.006369426752
0.048832271762 0.000000000000 0.932059447983 0.019108280255
0.029723991507 0.027600849257 0.923566878981 0.019108280255
