MEME version 5
ALPHABET= ACGU
Background letter frequencies:A 0.25 C 0.25 G 0.25 U 0.25
MOTIF HepG2.FUBP3.0
letter-probability matrix: alength= 4 w= 7
0.125000000000 0.041666666667 0.666666666667 0.166666666667
0.062500000000 0.750000000000 0.083333333333 0.104166666667
0.000000000000 0.000000000000 0.000000000000 1.000000000000
0.020833333333 0.020833333333 0.791666666667 0.166666666667
0.000000000000 0.062500000000 0.000000000000 0.937500000000
0.895833333333 0.000000000000 0.062500000000 0.041666666667
0.000000000000 0.000000000000 0.020833333333 0.979166666667
MOTIF HepG2.FUBP3.1
letter-probability matrix: alength= 4 w= 7
0.000000000000 0.000000000000 0.006191950464 0.993808049536
0.000000000000 0.000000000000 0.000000000000 1.000000000000
0.098039215686 0.022703818369 0.571723426213 0.307533539732
0.210526315789 0.018575851393 0.002063983488 0.768833849329
0.019607843137 0.000000000000 0.013415892673 0.966976264190
0.062951496388 0.035087719298 0.602683178535 0.299277605779
0.016511867905 0.010319917441 0.017543859649 0.955624355005
MOTIF HepG2.FUBP3.2
letter-probability matrix: alength= 4 w= 7
0.024464831804 0.004587155963 0.000000000000 0.970948012232
0.454128440367 0.006116207951 0.435779816514 0.103975535168
0.036697247706 0.019877675841 0.004587155963 0.938837920489
0.665137614679 0.018348623853 0.018348623853 0.298165137615
0.044342507645 0.015290519878 0.009174311927 0.931192660550
0.018348623853 0.000000000000 0.015290519878 0.966360856269
0.062691131498 0.012232415902 0.689602446483 0.235474006116
MOTIF HepG2.FUBP3.3
letter-probability matrix: alength= 4 w= 0
