MEME version 5
ALPHABET= ACGU
Background letter frequencies:A 0.25 C 0.25 G 0.25 U 0.25
MOTIF HepG2.SFPQ.3
letter-probability matrix: alength= 4 w= 7
0.069686411150 0.108013937282 0.073170731707 0.749128919861
0.613240418118 0.066202090592 0.278745644599 0.041811846690
0.000000000000 0.000000000000 0.000000000000 1.000000000000
0.066202090592 0.000000000000 0.066202090592 0.867595818815
0.003484320557 0.996515679443 0.000000000000 0.000000000000
0.017421602787 0.937282229965 0.000000000000 0.045296167247
0.013937282230 0.006968641115 0.944250871080 0.034843205575
MOTIF HepG2.SFPQ.0
letter-probability matrix: alength= 4 w= 7
0.314002828854 0.031117397454 0.591230551627 0.063649222065
0.007072135785 0.029702970297 0.000000000000 0.963224893918
0.270155586987 0.000000000000 0.183875530410 0.545968882603
0.000000000000 0.973125884017 0.000000000000 0.026874115983
0.022630834512 0.922206506365 0.000000000000 0.055162659123
0.009900990099 0.004243281471 0.968882602546 0.016973125884
0.077793493635 0.132956152758 0.048090523338 0.741159830269
MOTIF HepG2.SFPQ.2
letter-probability matrix: alength= 4 w= 7
0.018018018018 0.936936936937 0.000000000000 0.045045045045
0.036036036036 0.729729729730 0.000000000000 0.234234234234
0.045045045045 0.000000000000 0.954954954955 0.000000000000
0.009009009009 0.009009009009 0.009009009009 0.972972972973
0.612612612613 0.270270270270 0.054054054054 0.063063063063
0.927927927928 0.027027027027 0.009009009009 0.036036036036
0.036036036036 0.018018018018 0.027027027027 0.918918918919
MOTIF HepG2.SFPQ.1
letter-probability matrix: alength= 4 w= 7
0.000000000000 0.027559055118 0.013123359580 0.959317585302
0.228346456693 0.000000000000 0.203412073491 0.568241469816
0.000000000000 0.980314960630 0.006561679790 0.013123359580
0.015748031496 0.887139107612 0.000000000000 0.097112860892
0.018372703412 0.026246719160 0.929133858268 0.026246719160
0.051181102362 0.116797900262 0.024934383202 0.807086614173
0.103674540682 0.511811023622 0.300524934383 0.083989501312
MOTIF HepG2.SFPQ.4
letter-probability matrix: alength= 4 w= 7
0.085872576177 0.022160664820 0.024930747922 0.867036011080
0.052631578947 0.013850415512 0.897506925208 0.036011080332
0.005540166205 0.000000000000 0.000000000000 0.994459833795
0.515235457064 0.011080332410 0.252077562327 0.221606648199
0.000000000000 0.994459833795 0.000000000000 0.005540166205
0.019390581717 0.933518005540 0.000000000000 0.047091412742
0.016620498615 0.008310249307 0.952908587258 0.022160664820
