MEME version 5
ALPHABET= ACGU
Background letter frequencies:A 0.25 C 0.25 G 0.25 U 0.25
MOTIF HepG2.SF3A3.1
letter-probability matrix: alength= 4 w= 7
0.037931034483 0.448275862069 0.437931034483 0.075862068966
0.013793103448 0.051724137931 0.031034482759 0.903448275862
0.013793103448 0.055172413793 0.037931034483 0.893103448276
0.034482758621 0.072413793103 0.079310344828 0.813793103448
0.031034482759 0.813793103448 0.086206896552 0.068965517241
0.813793103448 0.000000000000 0.013793103448 0.172413793103
0.044827586207 0.024137931034 0.896551724138 0.034482758621
MOTIF HepG2.SF3A3.0
letter-probability matrix: alength= 4 w= 7
0.017114914425 0.056234718826 0.029339853301 0.897310513447
0.000000000000 0.041564792176 0.036674816626 0.921760391198
0.066014669927 0.066014669927 0.078239608802 0.789731051345
0.068459657702 0.755501222494 0.097799511002 0.078239608802
0.863080684597 0.004889975550 0.009779951100 0.122249388753
0.044009779951 0.039119804401 0.872860635697 0.044009779951
0.447432762836 0.022004889976 0.515892420538 0.014669926650
MOTIF HepG2.SF3A3.4
letter-probability matrix: alength= 4 w= 7
0.021897810219 0.941605839416 0.014598540146 0.021897810219
0.014598540146 0.043795620438 0.014598540146 0.927007299270
0.014598540146 0.934306569343 0.014598540146 0.036496350365
0.043795620438 0.000000000000 0.014598540146 0.941605839416
0.000000000000 0.051094890511 0.941605839416 0.007299270073
0.591240875912 0.167883211679 0.153284671533 0.087591240876
0.051094890511 0.766423357664 0.145985401460 0.036496350365
MOTIF HepG2.SF3A3.7
letter-probability matrix: alength= 4 w= 7
0.027450980392 0.015686274510 0.031372549020 0.925490196078
0.011764705882 0.105882352941 0.756862745098 0.125490196078
0.027450980392 0.066666666667 0.062745098039 0.843137254902
0.027450980392 0.800000000000 0.058823529412 0.113725490196
0.011764705882 0.047058823529 0.007843137255 0.933333333333
0.011764705882 0.882352941176 0.039215686275 0.066666666667
0.015686274510 0.047058823529 0.000000000000 0.937254901961
MOTIF HepG2.SF3A3.5
letter-probability matrix: alength= 4 w= 7
0.017094017094 0.025641025641 0.034188034188 0.923076923077
0.051282051282 0.846153846154 0.085470085470 0.017094017094
0.008547008547 0.000000000000 0.000000000000 0.991452991453
0.017094017094 0.025641025641 0.905982905983 0.051282051282
0.632478632479 0.145299145299 0.128205128205 0.094017094017
0.068376068376 0.811965811966 0.076923076923 0.042735042735
0.025641025641 0.931623931624 0.000000000000 0.042735042735
MOTIF HepG2.SF3A3.6
letter-probability matrix: alength= 4 w= 7
0.021008403361 0.046218487395 0.050420168067 0.882352941176
0.012605042017 0.037815126050 0.046218487395 0.903361344538
0.000000000000 0.000000000000 0.054621848739 0.945378151261
0.079831932773 0.105042016807 0.722689075630 0.092436974790
0.046218487395 0.831932773109 0.079831932773 0.042016806723
0.886554621849 0.021008403361 0.021008403361 0.071428571429
0.025210084034 0.021008403361 0.920168067227 0.033613445378
MOTIF HepG2.SF3A3.3
letter-probability matrix: alength= 4 w= 7
0.000000000000 0.051282051282 0.025641025641 0.923076923077
0.025641025641 0.846153846154 0.051282051282 0.076923076923
0.038461538462 0.038461538462 0.038461538462 0.884615384615
0.666666666667 0.038461538462 0.141025641026 0.153846153846
0.012820512821 0.000000000000 0.948717948718 0.038461538462
0.012820512821 0.025641025641 0.884615384615 0.076923076923
0.025641025641 0.025641025641 0.051282051282 0.897435897436
MOTIF HepG2.SF3A3.2
letter-probability matrix: alength= 4 w= 7
0.028409090909 0.857954545455 0.045454545455 0.068181818182
0.039772727273 0.903409090909 0.028409090909 0.028409090909
0.681818181818 0.159090909091 0.022727272727 0.136363636364
0.028409090909 0.914772727273 0.039772727273 0.017045454545
0.875000000000 0.028409090909 0.051136363636 0.045454545455
0.011363636364 0.000000000000 0.948863636364 0.039772727273
0.039772727273 0.028409090909 0.909090909091 0.022727272727
