MEME version 5
ALPHABET= ACGU
Background letter frequencies:A 0.25 C 0.25 G 0.25 U 0.25
MOTIF HepG2.HNRNPM.0
letter-probability matrix: alength= 4 w= 7
0.017293233083 0.004511278195 0.018045112782 0.960150375940
0.016917293233 0.040601503759 0.784586466165 0.157894736842
0.030451127820 0.045864661654 0.076691729323 0.846992481203
0.020300751880 0.010526315789 0.060150375940 0.909022556391
0.015413533835 0.009022556391 0.840977443609 0.134586466165
0.038345864662 0.042105263158 0.812406015038 0.107142857143
0.027819548872 0.389097744361 0.040225563910 0.542857142857
MOTIF HepG2.HNRNPM.7
letter-probability matrix: alength= 4 w= 7
0.026058631922 0.051465798046 0.061889250814 0.860586319218
0.006514657980 0.005863192182 0.046905537459 0.940716612378
0.019543973941 0.007166123779 0.847557003257 0.125732899023
0.029967426710 0.083387622150 0.800651465798 0.085993485342
0.031270358306 0.857328990228 0.047557003257 0.063843648208
0.074267100977 0.017589576547 0.018892508143 0.889250814332
0.020846905537 0.030618892508 0.891856677524 0.056677524430
MOTIF HepG2.HNRNPM.3
letter-probability matrix: alength= 4 w= 7
0.044124268348 0.049076992346 0.784781629896 0.122017109410
0.022512381810 0.024763619991 0.020261143629 0.932462854570
0.014858171995 0.049527239982 0.085096803242 0.850517784782
0.004502476362 0.003601981090 0.036019810896 0.955875731652
0.012156686177 0.056731202161 0.778928410626 0.152183701036
0.034218820351 0.010355695633 0.063935164340 0.891490319676
0.027465105808 0.023412877082 0.873480414228 0.075641602882
MOTIF HepG2.HNRNPM.1
letter-probability matrix: alength= 4 w= 7
0.016348773842 0.000000000000 0.012942779292 0.970708446866
0.019073569482 0.008855585831 0.824250681199 0.147820163488
0.042234332425 0.047683923706 0.761580381471 0.148501362398
0.034741144414 0.076294277929 0.037465940054 0.851498637602
0.014305177112 0.004768392371 0.085149863760 0.895776566757
0.017029972752 0.025885558583 0.826294277929 0.130790190736
0.010899182561 0.020435967302 0.051771117166 0.916893732970
MOTIF HepG2.HNRNPM.4
letter-probability matrix: alength= 4 w= 7
0.036355672361 0.044240035042 0.745072273325 0.174332019273
0.016644765659 0.316250547525 0.022777047744 0.644327639071
0.002628120894 0.000000000000 0.020148926851 0.977222952256
0.018396846255 0.032851511170 0.746386333771 0.202365308804
0.022777047744 0.044240035042 0.059132720105 0.873850197109
0.000000000000 0.000000000000 0.077091546211 0.922908453789
0.009198423127 0.018834866404 0.848007008322 0.123959702146
MOTIF HepG2.HNRNPM.2
letter-probability matrix: alength= 4 w= 7
0.016181229773 0.008629989213 0.022653721683 0.952535059331
0.005393743258 0.025889967638 0.874865156419 0.093851132686
0.022653721683 0.000000000000 0.040992448759 0.936353829558
0.003236245955 0.000000000000 0.926645091694 0.070118662352
0.020496224380 0.047464940669 0.868392664509 0.063646170442
0.029126213592 0.104638619202 0.099244875944 0.766990291262
0.043149946063 0.738942826321 0.117583603020 0.100323624595
MOTIF HepG2.HNRNPM.6
letter-probability matrix: alength= 4 w= 7
0.035523978686 0.793072824156 0.071047957371 0.100355239787
0.037300177620 0.004440497336 0.012433392540 0.945825932504
0.008880994671 0.032859680284 0.893428063943 0.064831261101
0.032859680284 0.006216696270 0.035523978686 0.925399644760
0.009769094139 0.007992895204 0.902309058615 0.079928952043
0.034635879218 0.061278863233 0.819715808171 0.084369449378
0.041740674956 0.069271758437 0.095026642984 0.793960923623
MOTIF HepG2.HNRNPM.5
letter-probability matrix: alength= 4 w= 7
0.035626535627 0.011670761671 0.072481572482 0.880221130221
0.016584766585 0.027641277641 0.835380835381 0.120393120393
0.053439803440 0.786240786241 0.060196560197 0.100122850123
0.052825552826 0.014742014742 0.013513513514 0.918918918919
0.007985257985 0.052211302211 0.866093366093 0.073710073710
0.033783783784 0.011670761671 0.066339066339 0.888206388206
0.012285012285 0.025798525799 0.910933660934 0.050982800983
