MEME version 5
ALPHABET= ACGU
Background letter frequencies:A 0.25 C 0.25 G 0.25 U 0.25
MOTIF HepG2.IGF2BP1.6
letter-probability matrix: alength= 4 w= 7
0.704081632653 0.102040816327 0.057823129252 0.136054421769
0.051020408163 0.833333333333 0.054421768707 0.061224489796
0.044217687075 0.911564625850 0.000000000000 0.044217687075
0.044217687075 0.904761904762 0.003401360544 0.047619047619
0.908163265306 0.034013605442 0.017006802721 0.040816326531
0.020408163265 0.880952380952 0.057823129252 0.040816326531
0.023809523810 0.925170068027 0.003401360544 0.047619047619
MOTIF HepG2.IGF2BP1.5
letter-probability matrix: alength= 4 w= 7
0.770212765957 0.063829787234 0.038297872340 0.127659574468
0.034042553191 0.880851063830 0.046808510638 0.038297872340
0.855319148936 0.093617021277 0.000000000000 0.051063829787
0.038297872340 0.842553191489 0.051063829787 0.068085106383
0.076595744681 0.876595744681 0.012765957447 0.034042553191
0.034042553191 0.902127659574 0.012765957447 0.051063829787
0.902127659574 0.051063829787 0.000000000000 0.046808510638
MOTIF HepG2.IGF2BP1.4
letter-probability matrix: alength= 4 w= 7
0.016313213703 0.464926590538 0.011419249592 0.507340946166
0.029363784666 0.884176182708 0.026101141925 0.060358890701
0.787928221860 0.110929853181 0.004893964111 0.096247960848
0.037520391517 0.874388254486 0.052202283850 0.035889070147
0.040783034258 0.933115823817 0.000000000000 0.026101141925
0.784665579119 0.092985318108 0.032626427406 0.089722675367
0.021207177814 0.866231647635 0.060358890701 0.052202283850
MOTIF HepG2.IGF2BP1.0
letter-probability matrix: alength= 4 w= 7
0.041044776119 0.852611940299 0.035447761194 0.070895522388
0.791044776119 0.089552238806 0.016791044776 0.102611940299
0.035447761194 0.880597014925 0.033582089552 0.050373134328
0.042910447761 0.917910447761 0.000000000000 0.039179104478
0.794776119403 0.093283582090 0.029850746269 0.082089552239
0.031716417910 0.876865671642 0.041044776119 0.050373134328
0.347014925373 0.632462686567 0.005597014925 0.014925373134
MOTIF HepG2.IGF2BP1.3
letter-probability matrix: alength= 4 w= 7
0.812807881773 0.054187192118 0.044334975369 0.088669950739
0.029556650246 0.926108374384 0.024630541872 0.019704433498
0.034482758621 0.886699507389 0.000000000000 0.078817733990
0.788177339901 0.083743842365 0.024630541872 0.103448275862
0.039408866995 0.891625615764 0.029556650246 0.039408866995
0.881773399015 0.073891625616 0.024630541872 0.019704433498
0.039408866995 0.866995073892 0.044334975369 0.049261083744
MOTIF HepG2.IGF2BP1.1
letter-probability matrix: alength= 4 w= 7
0.042483660131 0.866013071895 0.026143790850 0.065359477124
0.032679738562 0.895424836601 0.006535947712 0.065359477124
0.807189542484 0.098039215686 0.026143790850 0.068627450980
0.029411764706 0.908496732026 0.042483660131 0.019607843137
0.859477124183 0.091503267974 0.000000000000 0.049019607843
0.045751633987 0.790849673203 0.068627450980 0.094771241830
0.029411764706 0.924836601307 0.009803921569 0.035947712418
MOTIF HepG2.IGF2BP1.2
letter-probability matrix: alength= 4 w= 7
0.029126213592 0.867961165049 0.029126213592 0.073786407767
0.850485436893 0.046601941748 0.023300970874 0.079611650485
0.025242718447 0.477669902913 0.458252427184 0.038834951456
0.050485436893 0.902912621359 0.011650485437 0.034951456311
0.052427184466 0.836893203883 0.013592233010 0.097087378641
0.807766990291 0.102912621359 0.015533980583 0.073786407767
0.021359223301 0.867961165049 0.050485436893 0.060194174757
