MEME version 5
ALPHABET= ACGU
Background letter frequencies:A 0.25 C 0.25 G 0.25 U 0.25
MOTIF HepG2.NOL12.5
letter-probability matrix: alength= 4 w= 7
0.733333333333 0.133333333333 0.066666666667 0.066666666667
0.000000000000 0.000000000000 0.066666666667 0.933333333333
0.866666666667 0.000000000000 0.133333333333 0.000000000000
0.000000000000 1.000000000000 0.000000000000 0.000000000000
0.133333333333 0.733333333333 0.000000000000 0.133333333333
0.066666666667 0.066666666667 0.800000000000 0.066666666667
0.066666666667 0.000000000000 0.000000000000 0.933333333333
MOTIF HepG2.NOL12.4
letter-probability matrix: alength= 4 w= 7
0.823529411765 0.117647058824 0.019607843137 0.039215686275
0.803921568627 0.098039215686 0.039215686275 0.058823529412
0.039215686275 0.823529411765 0.078431372549 0.058823529412
0.000000000000 0.843137254902 0.039215686275 0.117647058824
0.000000000000 0.000000000000 0.019607843137 0.980392156863
0.000000000000 0.078431372549 0.901960784314 0.019607843137
0.823529411765 0.019607843137 0.098039215686 0.058823529412
MOTIF HepG2.NOL12.2
letter-probability matrix: alength= 4 w= 7
0.081632653061 0.020408163265 0.857142857143 0.040816326531
0.816326530612 0.061224489796 0.040816326531 0.081632653061
0.081632653061 0.877551020408 0.020408163265 0.020408163265
0.897959183673 0.020408163265 0.000000000000 0.081632653061
0.102040816327 0.000000000000 0.081632653061 0.816326530612
0.000000000000 0.959183673469 0.000000000000 0.040816326531
0.020408163265 0.102040816327 0.020408163265 0.857142857143
MOTIF HepG2.NOL12.0
letter-probability matrix: alength= 4 w= 7
0.000000000000 0.000000000000 0.000000000000 1.000000000000
0.833333333333 0.000000000000 0.000000000000 0.166666666667
0.000000000000 0.083333333333 0.000000000000 0.916666666667
0.833333333333 0.083333333333 0.000000000000 0.083333333333
0.000000000000 0.916666666667 0.083333333333 0.000000000000
0.083333333333 0.833333333333 0.000000000000 0.083333333333
0.000000000000 0.083333333333 0.666666666667 0.250000000000
MOTIF HepG2.NOL12.1
letter-probability matrix: alength= 4 w= 7
0.928571428571 0.000000000000 0.071428571429 0.000000000000
0.035714285714 0.750000000000 0.071428571429 0.142857142857
0.071428571429 0.142857142857 0.750000000000 0.035714285714
0.035714285714 0.000000000000 0.035714285714 0.928571428571
0.000000000000 1.000000000000 0.000000000000 0.000000000000
0.821428571429 0.071428571429 0.071428571429 0.035714285714
0.035714285714 0.035714285714 0.071428571429 0.857142857143
MOTIF HepG2.NOL12.9
letter-probability matrix: alength= 4 w= 7
0.046153846154 0.061538461538 0.876923076923 0.015384615385
0.769230769231 0.138461538462 0.030769230769 0.061538461538
0.784615384615 0.123076923077 0.061538461538 0.030769230769
0.061538461538 0.800000000000 0.092307692308 0.046153846154
0.015384615385 0.892307692308 0.046153846154 0.046153846154
0.030769230769 0.030769230769 0.015384615385 0.923076923077
0.015384615385 0.000000000000 0.984615384615 0.000000000000
MOTIF HepG2.NOL12.7
letter-probability matrix: alength= 4 w= 7
0.000000000000 1.000000000000 0.000000000000 0.000000000000
0.000000000000 0.000000000000 1.000000000000 0.000000000000
0.666666666667 0.000000000000 0.333333333333 0.000000000000
0.000000000000 0.000000000000 1.000000000000 0.000000000000
0.666666666667 0.066666666667 0.200000000000 0.066666666667
0.133333333333 0.733333333333 0.066666666667 0.066666666667
0.000000000000 0.000000000000 1.000000000000 0.000000000000
MOTIF HepG2.NOL12.6
letter-probability matrix: alength= 4 w= 7
0.043478260870 0.000000000000 0.913043478261 0.043478260870
0.043478260870 0.913043478261 0.000000000000 0.043478260870
0.086956521739 0.869565217391 0.000000000000 0.043478260870
0.869565217391 0.000000000000 0.043478260870 0.086956521739
0.000000000000 0.000000000000 0.913043478261 0.086956521739
0.000000000000 0.043478260870 0.086956521739 0.869565217391
0.695652173913 0.043478260870 0.173913043478 0.086956521739
MOTIF HepG2.NOL12.3
letter-probability matrix: alength= 4 w= 7
0.000000000000 0.000000000000 0.000000000000 1.000000000000
0.791666666667 0.041666666667 0.083333333333 0.083333333333
0.083333333333 0.875000000000 0.041666666667 0.000000000000
0.083333333333 0.583333333333 0.000000000000 0.333333333333
0.000000000000 0.083333333333 0.916666666667 0.000000000000
0.000000000000 0.083333333333 0.000000000000 0.916666666667
0.000000000000 0.000000000000 0.958333333333 0.041666666667
MOTIF HepG2.NOL12.8
letter-probability matrix: alength= 4 w= 7
0.777777777778 0.074074074074 0.037037037037 0.111111111111
0.037037037037 0.888888888889 0.037037037037 0.037037037037
0.000000000000 0.000000000000 0.000000000000 1.000000000000
0.000000000000 0.888888888889 0.000000000000 0.111111111111
0.074074074074 0.000000000000 0.000000000000 0.925925925926
0.629629629630 0.074074074074 0.185185185185 0.111111111111
0.000000000000 0.000000000000 0.037037037037 0.962962962963
