MEME version 5
ALPHABET= ACGU
Background letter frequencies:A 0.25 C 0.25 G 0.25 U 0.25
MOTIF HepG2.NCBP2.1
letter-probability matrix: alength= 4 w= 7
0.050505050505 0.858585858586 0.050505050505 0.040404040404
0.111111111111 0.000000000000 0.848484848485 0.040404040404
0.000000000000 0.000000000000 1.000000000000 0.000000000000
0.020202020202 0.161616161616 0.131313131313 0.686868686869
0.717171717172 0.050505050505 0.161616161616 0.070707070707
0.000000000000 0.000000000000 1.000000000000 0.000000000000
0.020202020202 0.909090909091 0.050505050505 0.020202020202
MOTIF HepG2.NCBP2.5
letter-probability matrix: alength= 4 w= 7
0.937984496124 0.031007751938 0.000000000000 0.031007751938
0.038759689922 0.085271317829 0.844961240310 0.031007751938
0.775193798450 0.085271317829 0.062015503876 0.077519379845
0.054263565891 0.000000000000 0.054263565891 0.891472868217
0.023255813953 0.000000000000 0.930232558140 0.046511627907
0.007751937984 0.062015503876 0.930232558140 0.000000000000
0.069767441860 0.798449612403 0.069767441860 0.062015503876
MOTIF HepG2.NCBP2.4
letter-probability matrix: alength= 4 w= 7
0.008658008658 0.463203463203 0.510822510823 0.017316017316
0.766233766234 0.060606060606 0.090909090909 0.082251082251
0.025974025974 0.012987012987 0.151515151515 0.809523809524
0.000000000000 0.017316017316 0.943722943723 0.038961038961
0.008658008658 0.012987012987 0.978354978355 0.000000000000
0.112554112554 0.757575757576 0.073593073593 0.056277056277
0.043290043290 0.086580086580 0.826839826840 0.043290043290
MOTIF HepG2.NCBP2.3
letter-probability matrix: alength= 4 w= 7
0.769230769231 0.076923076923 0.097902097902 0.055944055944
0.006993006993 0.013986013986 0.979020979021 0.000000000000
0.000000000000 0.951048951049 0.006993006993 0.041958041958
0.020979020979 0.839160839161 0.027972027972 0.111888111888
0.006993006993 0.041958041958 0.951048951049 0.000000000000
0.083916083916 0.769230769231 0.104895104895 0.041958041958
0.034965034965 0.083916083916 0.832167832168 0.048951048951
MOTIF HepG2.NCBP2.2
letter-probability matrix: alength= 4 w= 7
0.000000000000 0.000000000000 0.979729729730 0.020270270270
0.054054054054 0.817567567568 0.067567567568 0.060810810811
0.054054054054 0.006756756757 0.918918918919 0.020270270270
0.000000000000 0.013513513514 0.959459459459 0.027027027027
0.033783783784 0.135135135135 0.222972972973 0.608108108108
0.756756756757 0.033783783784 0.141891891892 0.067567567568
0.013513513514 0.000000000000 0.986486486486 0.000000000000
MOTIF HepG2.NCBP2.6
letter-probability matrix: alength= 4 w= 7
0.027777777778 0.883333333333 0.077777777778 0.011111111111
0.027777777778 0.038888888889 0.922222222222 0.011111111111
0.000000000000 0.016666666667 0.983333333333 0.000000000000
0.011111111111 0.883333333333 0.083333333333 0.022222222222
0.083333333333 0.022222222222 0.833333333333 0.061111111111
0.005555555556 0.038888888889 0.933333333333 0.022222222222
0.016666666667 0.166666666667 0.166666666667 0.650000000000
MOTIF HepG2.NCBP2.0
letter-probability matrix: alength= 4 w= 7
0.709677419355 0.051612903226 0.148387096774 0.090322580645
0.012903225806 0.012903225806 0.135483870968 0.838709677419
0.012903225806 0.012903225806 0.954838709677 0.019354838710
0.000000000000 0.012903225806 0.967741935484 0.019354838710
0.064516129032 0.845161290323 0.058064516129 0.032258064516
0.051612903226 0.077419354839 0.825806451613 0.045161290323
0.032258064516 0.012903225806 0.929032258065 0.025806451613
MOTIF HepG2.NCBP2.7
letter-probability matrix: alength= 4 w= 7
0.070270270270 0.094594594595 0.129729729730 0.705405405405
0.197297297297 0.010810810811 0.772972972973 0.018918918919
0.010810810811 0.027027027027 0.954054054054 0.008108108108
0.067567567568 0.794594594595 0.083783783784 0.054054054054
0.051351351351 0.054054054054 0.821621621622 0.072972972973
0.005405405405 0.032432432432 0.943243243243 0.018918918919
0.035135135135 0.894594594595 0.054054054054 0.016216216216
