MEME version 5
ALPHABET= ACGU
Background letter frequencies:A 0.25 C 0.25 G 0.25 U 0.25
MOTIF HepG2.TBRG4.0
letter-probability matrix: alength= 4 w= 7
0.000000000000 0.000000000000 0.777777777778 0.222222222222
0.111111111111 0.000000000000 0.000000000000 0.888888888889
0.666666666667 0.222222222222 0.111111111111 0.000000000000
0.000000000000 0.222222222222 0.000000000000 0.777777777778
0.000000000000 0.888888888889 0.000000000000 0.111111111111
0.000000000000 1.000000000000 0.000000000000 0.000000000000
1.000000000000 0.000000000000 0.000000000000 0.000000000000
MOTIF HepG2.TBRG4.6
letter-probability matrix: alength= 4 w= 7
0.000000000000 0.000000000000 0.111111111111 0.888888888889
0.666666666667 0.222222222222 0.000000000000 0.111111111111
0.000000000000 0.000000000000 0.000000000000 1.000000000000
0.111111111111 0.000000000000 0.777777777778 0.111111111111
0.000000000000 0.000000000000 0.000000000000 1.000000000000
0.000000000000 0.888888888889 0.111111111111 0.000000000000
0.888888888889 0.000000000000 0.000000000000 0.111111111111
MOTIF HepG2.TBRG4.4
letter-probability matrix: alength= 4 w= 7
0.400000000000 0.600000000000 0.000000000000 0.000000000000
0.000000000000 0.000000000000 0.800000000000 0.200000000000
0.000000000000 0.800000000000 0.000000000000 0.200000000000
0.000000000000 0.000000000000 0.000000000000 1.000000000000
1.000000000000 0.000000000000 0.000000000000 0.000000000000
1.000000000000 0.000000000000 0.000000000000 0.000000000000
1.000000000000 0.000000000000 0.000000000000 0.000000000000
MOTIF HepG2.TBRG4.3
letter-probability matrix: alength= 4 w= 7
0.200000000000 0.000000000000 0.800000000000 0.000000000000
0.000000000000 0.200000000000 0.000000000000 0.800000000000
0.800000000000 0.000000000000 0.200000000000 0.000000000000
0.000000000000 0.000000000000 0.000000000000 1.000000000000
0.000000000000 0.000000000000 0.600000000000 0.400000000000
0.000000000000 0.000000000000 0.000000000000 1.000000000000
0.000000000000 1.000000000000 0.000000000000 0.000000000000
MOTIF HepG2.TBRG4.9
letter-probability matrix: alength= 4 w= 7
0.000000000000 0.000000000000 0.625000000000 0.375000000000
0.000000000000 1.000000000000 0.000000000000 0.000000000000
0.750000000000 0.125000000000 0.125000000000 0.000000000000
0.000000000000 0.000000000000 0.000000000000 1.000000000000
1.000000000000 0.000000000000 0.000000000000 0.000000000000
0.125000000000 0.875000000000 0.000000000000 0.000000000000
0.875000000000 0.125000000000 0.000000000000 0.000000000000
MOTIF HepG2.TBRG4.5
letter-probability matrix: alength= 4 w= 7
0.800000000000 0.100000000000 0.100000000000 0.000000000000
0.000000000000 0.100000000000 0.200000000000 0.700000000000
0.000000000000 0.900000000000 0.000000000000 0.100000000000
0.000000000000 0.000000000000 0.000000000000 1.000000000000
0.100000000000 0.000000000000 0.900000000000 0.000000000000
0.700000000000 0.100000000000 0.200000000000 0.000000000000
0.000000000000 0.000000000000 1.000000000000 0.000000000000
MOTIF HepG2.TBRG4.1
letter-probability matrix: alength= 4 w= 7
1.000000000000 0.000000000000 0.000000000000 0.000000000000
0.100000000000 0.000000000000 0.900000000000 0.000000000000
0.000000000000 0.900000000000 0.100000000000 0.000000000000
0.100000000000 0.900000000000 0.000000000000 0.000000000000
0.100000000000 0.000000000000 0.000000000000 0.900000000000
0.100000000000 0.000000000000 0.000000000000 0.900000000000
0.500000000000 0.200000000000 0.000000000000 0.300000000000
MOTIF HepG2.TBRG4.8
letter-probability matrix: alength= 4 w= 7
0.000000000000 0.000000000000 0.000000000000 1.000000000000
0.166666666667 0.000000000000 0.833333333333 0.000000000000
0.000000000000 0.000000000000 0.833333333333 0.166666666667
0.000000000000 0.166666666667 0.000000000000 0.833333333333
0.833333333333 0.000000000000 0.166666666667 0.000000000000
0.000000000000 0.000000000000 0.000000000000 1.000000000000
0.166666666667 0.666666666667 0.000000000000 0.166666666667
MOTIF HepG2.TBRG4.7
letter-probability matrix: alength= 4 w= 7
0.000000000000 0.800000000000 0.000000000000 0.200000000000
1.000000000000 0.000000000000 0.000000000000 0.000000000000
1.000000000000 0.000000000000 0.000000000000 0.000000000000
0.000000000000 0.000000000000 0.000000000000 1.000000000000
0.800000000000 0.000000000000 0.200000000000 0.000000000000
0.200000000000 0.000000000000 0.600000000000 0.200000000000
0.000000000000 0.000000000000 0.200000000000 0.800000000000
MOTIF HepG2.TBRG4.2
letter-probability matrix: alength= 4 w= 7
0.200000000000 0.000000000000 0.600000000000 0.200000000000
0.000000000000 0.000000000000 0.400000000000 0.600000000000
1.000000000000 0.000000000000 0.000000000000 0.000000000000
0.000000000000 0.000000000000 1.000000000000 0.000000000000
0.000000000000 1.000000000000 0.000000000000 0.000000000000
1.000000000000 0.000000000000 0.000000000000 0.000000000000
0.800000000000 0.000000000000 0.200000000000 0.000000000000
