MEME version 5
ALPHABET= ACGU
Background letter frequencies:A 0.25 C 0.25 G 0.25 U 0.25
MOTIF HepG2.DDX55.1
letter-probability matrix: alength= 4 w= 7
0.066666666667 0.033333333333 0.850000000000 0.050000000000
0.033333333333 0.900000000000 0.000000000000 0.066666666667
0.033333333333 0.000000000000 0.000000000000 0.966666666667
0.000000000000 0.000000000000 0.850000000000 0.150000000000
0.033333333333 0.033333333333 0.000000000000 0.933333333333
0.633333333333 0.050000000000 0.100000000000 0.216666666667
0.000000000000 0.083333333333 0.016666666667 0.900000000000
MOTIF HepG2.DDX55.8
letter-probability matrix: alength= 4 w= 7
0.786363636364 0.059090909091 0.059090909091 0.095454545455
0.036363636364 0.736363636364 0.036363636364 0.190909090909
0.022727272727 0.018181818182 0.000000000000 0.959090909091
0.013636363636 0.022727272727 0.013636363636 0.950000000000
0.000000000000 0.000000000000 0.000000000000 1.000000000000
0.027272727273 0.040909090909 0.709090909091 0.222727272727
0.036363636364 0.036363636364 0.027272727273 0.900000000000
MOTIF HepG2.DDX55.6
letter-probability matrix: alength= 4 w= 7
0.000000000000 0.000000000000 0.000000000000 1.000000000000
0.066666666667 0.666666666667 0.066666666667 0.200000000000
0.133333333333 0.000000000000 0.733333333333 0.133333333333
0.000000000000 1.000000000000 0.000000000000 0.000000000000
0.000000000000 0.066666666667 0.000000000000 0.933333333333
0.933333333333 0.066666666667 0.000000000000 0.000000000000
0.066666666667 0.000000000000 0.733333333333 0.200000000000
MOTIF HepG2.DDX55.0
letter-probability matrix: alength= 4 w= 7
0.022222222222 0.000000000000 0.000000000000 0.977777777778
0.066666666667 0.033333333333 0.833333333333 0.066666666667
0.022222222222 0.922222222222 0.011111111111 0.044444444444
0.066666666667 0.011111111111 0.000000000000 0.922222222222
0.022222222222 0.000000000000 0.888888888889 0.088888888889
0.044444444444 0.044444444444 0.055555555556 0.855555555556
0.677777777778 0.022222222222 0.122222222222 0.177777777778
MOTIF HepG2.DDX55.7
letter-probability matrix: alength= 4 w= 7
0.071428571429 0.904761904762 0.023809523810 0.000000000000
0.214285714286 0.666666666667 0.000000000000 0.119047619048
0.119047619048 0.071428571429 0.642857142857 0.166666666667
0.000000000000 0.023809523810 0.000000000000 0.976190476190
0.857142857143 0.000000000000 0.071428571429 0.071428571429
0.000000000000 0.000000000000 0.000000000000 1.000000000000
0.000000000000 0.023809523810 0.000000000000 0.976190476190
MOTIF HepG2.DDX55.9
letter-probability matrix: alength= 4 w= 7
0.000000000000 1.000000000000 0.000000000000 0.000000000000
0.000000000000 0.000000000000 1.000000000000 0.000000000000
0.714285714286 0.142857142857 0.000000000000 0.142857142857
0.285714285714 0.714285714286 0.000000000000 0.000000000000
0.000000000000 0.000000000000 0.857142857143 0.142857142857
0.000000000000 1.000000000000 0.000000000000 0.000000000000
0.857142857143 0.000000000000 0.000000000000 0.142857142857
MOTIF HepG2.DDX55.4
letter-probability matrix: alength= 4 w= 7
0.852941176471 0.000000000000 0.000000000000 0.147058823529
0.014705882353 0.029411764706 0.058823529412 0.897058823529
0.058823529412 0.897058823529 0.000000000000 0.044117647059
0.926470588235 0.029411764706 0.000000000000 0.044117647059
0.073529411765 0.000000000000 0.029411764706 0.897058823529
0.029411764706 0.073529411765 0.720588235294 0.176470588235
0.044117647059 0.029411764706 0.073529411765 0.852941176471
MOTIF HepG2.DDX55.5
letter-probability matrix: alength= 4 w= 7
0.016129032258 0.048387096774 0.000000000000 0.935483870968
0.000000000000 0.048387096774 0.032258064516 0.919354838710
0.000000000000 0.661290322581 0.096774193548 0.241935483871
0.112903225806 0.016129032258 0.580645161290 0.290322580645
0.016129032258 0.016129032258 0.967741935484 0.000000000000
0.000000000000 0.000000000000 0.000000000000 1.000000000000
0.000000000000 0.000000000000 0.032258064516 0.967741935484
MOTIF HepG2.DDX55.3
letter-probability matrix: alength= 4 w= 7
0.000000000000 0.000000000000 0.888888888889 0.111111111111
0.111111111111 0.000000000000 0.000000000000 0.888888888889
0.000000000000 1.000000000000 0.000000000000 0.000000000000
0.222222222222 0.000000000000 0.777777777778 0.000000000000
0.000000000000 0.666666666667 0.111111111111 0.222222222222
0.000000000000 0.000000000000 0.777777777778 0.222222222222
0.000000000000 0.000000000000 0.000000000000 1.000000000000
MOTIF HepG2.DDX55.2
letter-probability matrix: alength= 4 w= 7
0.000000000000 0.909090909091 0.000000000000 0.090909090909
0.000000000000 0.090909090909 0.909090909091 0.000000000000
0.000000000000 0.818181818182 0.181818181818 0.000000000000
0.000000000000 0.000000000000 1.000000000000 0.000000000000
0.000000000000 0.818181818182 0.000000000000 0.181818181818
0.000000000000 0.000000000000 0.000000000000 1.000000000000
0.545454545455 0.181818181818 0.000000000000 0.272727272727
