MEME version 5
ALPHABET= ACGU
Background letter frequencies:A 0.25 C 0.25 G 0.25 U 0.25
MOTIF HepG2.LARP7.5
letter-probability matrix: alength= 4 w= 7
0.666666666667 0.111111111111 0.222222222222 0.000000000000
0.000000000000 0.000000000000 0.111111111111 0.888888888889
0.777777777778 0.000000000000 0.222222222222 0.000000000000
0.000000000000 1.000000000000 0.000000000000 0.000000000000
0.000000000000 0.777777777778 0.000000000000 0.222222222222
0.000000000000 0.111111111111 0.888888888889 0.000000000000
0.000000000000 0.000000000000 0.000000000000 1.000000000000
MOTIF HepG2.LARP7.1
letter-probability matrix: alength= 4 w= 7
0.454545454545 0.090909090909 0.090909090909 0.363636363636
0.000000000000 0.090909090909 0.000000000000 0.909090909091
0.000000000000 0.818181818182 0.090909090909 0.090909090909
0.000000000000 0.000000000000 0.000000000000 1.000000000000
0.000000000000 0.181818181818 0.818181818182 0.000000000000
1.000000000000 0.000000000000 0.000000000000 0.000000000000
0.000000000000 0.000000000000 1.000000000000 0.000000000000
MOTIF HepG2.LARP7.6
letter-probability matrix: alength= 4 w= 7
1.000000000000 0.000000000000 0.000000000000 0.000000000000
1.000000000000 0.000000000000 0.000000000000 0.000000000000
0.000000000000 1.000000000000 0.000000000000 0.000000000000
0.000000000000 0.000000000000 0.000000000000 1.000000000000
0.000000000000 0.750000000000 0.250000000000 0.000000000000
0.000000000000 0.000000000000 0.000000000000 1.000000000000
0.500000000000 0.250000000000 0.000000000000 0.250000000000
MOTIF HepG2.LARP7.7
letter-probability matrix: alength= 4 w= 7
0.125000000000 0.250000000000 0.625000000000 0.000000000000
0.875000000000 0.000000000000 0.125000000000 0.000000000000
0.625000000000 0.125000000000 0.000000000000 0.250000000000
0.000000000000 1.000000000000 0.000000000000 0.000000000000
0.875000000000 0.125000000000 0.000000000000 0.000000000000
1.000000000000 0.000000000000 0.000000000000 0.000000000000
1.000000000000 0.000000000000 0.000000000000 0.000000000000
MOTIF HepG2.LARP7.8
letter-probability matrix: alength= 4 w= 7
0.909090909091 0.000000000000 0.000000000000 0.090909090909
0.181818181818 0.727272727273 0.090909090909 0.000000000000
0.818181818182 0.000000000000 0.000000000000 0.181818181818
0.000000000000 0.000000000000 0.818181818182 0.181818181818
0.090909090909 0.000000000000 0.000000000000 0.909090909091
0.000000000000 0.000000000000 0.090909090909 0.909090909091
0.000000000000 0.000000000000 1.000000000000 0.000000000000
MOTIF HepG2.LARP7.2
letter-probability matrix: alength= 4 w= 7
0.000000000000 0.000000000000 0.000000000000 1.000000000000
1.000000000000 0.000000000000 0.000000000000 0.000000000000
0.000000000000 0.000000000000 0.000000000000 1.000000000000
0.750000000000 0.250000000000 0.000000000000 0.000000000000
0.000000000000 0.750000000000 0.250000000000 0.000000000000
0.000000000000 0.750000000000 0.000000000000 0.250000000000
0.000000000000 0.250000000000 0.750000000000 0.000000000000
MOTIF HepG2.LARP7.4
letter-probability matrix: alength= 4 w= 7
1.000000000000 0.000000000000 0.000000000000 0.000000000000
0.769230769231 0.076923076923 0.076923076923 0.076923076923
0.000000000000 0.076923076923 0.000000000000 0.923076923077
0.000000000000 0.769230769231 0.076923076923 0.153846153846
0.000000000000 0.000000000000 0.000000000000 1.000000000000
0.000000000000 0.230769230769 0.769230769231 0.000000000000
0.846153846154 0.000000000000 0.076923076923 0.076923076923
MOTIF HepG2.LARP7.0
letter-probability matrix: alength= 4 w= 7
1.000000000000 0.000000000000 0.000000000000 0.000000000000
0.000000000000 1.000000000000 0.000000000000 0.000000000000
0.000000000000 0.000000000000 0.000000000000 1.000000000000
0.000000000000 1.000000000000 0.000000000000 0.000000000000
0.000000000000 0.000000000000 0.000000000000 1.000000000000
0.500000000000 0.000000000000 0.000000000000 0.500000000000
0.000000000000 0.000000000000 0.000000000000 1.000000000000
MOTIF HepG2.LARP7.3
letter-probability matrix: alength= 4 w= 7
0.666666666667 0.111111111111 0.000000000000 0.222222222222
0.000000000000 0.000000000000 0.111111111111 0.888888888889
0.111111111111 0.000000000000 0.888888888889 0.000000000000
0.777777777778 0.222222222222 0.000000000000 0.000000000000
0.000000000000 0.000000000000 1.000000000000 0.000000000000
0.000000000000 0.000000000000 0.000000000000 1.000000000000
0.000000000000 0.000000000000 0.888888888889 0.111111111111
MOTIF HepG2.LARP7.9
letter-probability matrix: alength= 4 w= 7
0.000000000000 0.000000000000 0.125000000000 0.875000000000
0.750000000000 0.000000000000 0.125000000000 0.125000000000
0.000000000000 1.000000000000 0.000000000000 0.000000000000
0.000000000000 0.875000000000 0.000000000000 0.125000000000
0.000000000000 0.000000000000 0.750000000000 0.250000000000
0.000000000000 0.000000000000 0.125000000000 0.875000000000
0.000000000000 0.875000000000 0.000000000000 0.125000000000
