MEME version 5
ALPHABET= ACGU
Background letter frequencies:A 0.25 C 0.25 G 0.25 U 0.25
MOTIF HepG2.TAF15.6
letter-probability matrix: alength= 4 w= 7
0.008733624454 0.013100436681 0.947598253275 0.030567685590
0.043668122271 0.021834061135 0.065502183406 0.868995633188
0.017467248908 0.877729257642 0.069868995633 0.034934497817
0.978165938865 0.000000000000 0.000000000000 0.021834061135
0.034934497817 0.000000000000 0.943231441048 0.021834061135
0.013100436681 0.017467248908 0.903930131004 0.065502183406
0.061135371179 0.048034934498 0.406113537118 0.484716157205
MOTIF HepG2.TAF15.0
letter-probability matrix: alength= 4 w= 7
0.929460580913 0.000000000000 0.037344398340 0.033195020747
0.029045643154 0.004149377593 0.950207468880 0.016597510373
0.020746887967 0.000000000000 0.975103734440 0.004149377593
0.037344398340 0.024896265560 0.904564315353 0.033195020747
0.124481327801 0.692946058091 0.141078838174 0.041493775934
0.933609958506 0.029045643154 0.012448132780 0.024896265560
0.672199170124 0.037344398340 0.236514522822 0.053941908714
MOTIF HepG2.TAF15.5
letter-probability matrix: alength= 4 w= 7
0.042372881356 0.000000000000 0.915254237288 0.042372881356
0.038135593220 0.033898305085 0.792372881356 0.135593220339
0.059322033898 0.025423728814 0.059322033898 0.855932203390
0.021186440678 0.008474576271 0.059322033898 0.911016949153
0.025423728814 0.000000000000 0.860169491525 0.114406779661
0.830508474576 0.046610169492 0.080508474576 0.042372881356
0.877118644068 0.008474576271 0.093220338983 0.021186440678
MOTIF HepG2.TAF15.3
letter-probability matrix: alength= 4 w= 7
0.017214397496 0.004694835681 0.968701095462 0.009389671362
0.671361502347 0.000000000000 0.305164319249 0.023474178404
0.009389671362 0.015649452269 0.962441314554 0.012519561815
0.884194053208 0.006259780908 0.054773082942 0.054773082942
0.057902973396 0.000000000000 0.924882629108 0.017214397496
0.029733959311 0.018779342723 0.924882629108 0.026604068858
0.100156494523 0.037558685446 0.169014084507 0.693270735524
MOTIF HepG2.TAF15.2
letter-probability matrix: alength= 4 w= 7
0.957371225577 0.000000000000 0.031971580817 0.010657193606
0.019538188277 0.003552397869 0.912966252220 0.063943161634
0.046181172291 0.000000000000 0.953818827709 0.000000000000
0.939609236234 0.015985790409 0.044404973357 0.000000000000
0.900532859680 0.014209591474 0.067495559503 0.017761989343
0.097690941385 0.003552397869 0.467140319716 0.431616341030
0.031971580817 0.007104795737 0.920071047957 0.040852575488
MOTIF HepG2.TAF15.8
letter-probability matrix: alength= 4 w= 7
0.029673590504 0.000000000000 0.919881305638 0.050445103858
0.008902077151 0.014836795252 0.946587537092 0.029673590504
0.145400593472 0.000000000000 0.097922848665 0.756676557864
0.029673590504 0.035608308605 0.813056379822 0.121661721068
0.017804154303 0.017804154303 0.121661721068 0.842729970326
0.035608308605 0.000000000000 0.077151335312 0.887240356083
0.020771513353 0.008902077151 0.872403560831 0.097922848665
MOTIF HepG2.TAF15.7
letter-probability matrix: alength= 4 w= 7
0.090177133655 0.006441223833 0.059581320451 0.843800322061
0.035426731079 0.000000000000 0.903381642512 0.061191626409
0.048309178744 0.045088566828 0.837359098229 0.069243156200
0.064412238325 0.070853462158 0.207729468599 0.657004830918
0.892109500805 0.000000000000 0.080515297907 0.027375201288
0.040257648953 0.000000000000 0.953301127214 0.006441223833
0.014492753623 0.006441223833 0.979066022544 0.000000000000
MOTIF HepG2.TAF15.4
letter-probability matrix: alength= 4 w= 7
0.009600000000 0.040000000000 0.039200000000 0.911200000000
0.966400000000 0.000000000000 0.016000000000 0.017600000000
0.413600000000 0.000000000000 0.580800000000 0.005600000000
0.012800000000 0.000000000000 0.974400000000 0.012800000000
0.016000000000 0.006400000000 0.966400000000 0.011200000000
1.000000000000 0.000000000000 0.000000000000 0.000000000000
0.016000000000 0.000000000000 0.984000000000 0.000000000000
MOTIF HepG2.TAF15.1
letter-probability matrix: alength= 4 w= 7
0.018433179724 0.000000000000 0.972350230415 0.009216589862
0.903225806452 0.009216589862 0.069124423963 0.018433179724
0.774193548387 0.023041474654 0.161290322581 0.041474654378
0.032258064516 0.000000000000 0.092165898618 0.875576036866
0.027649769585 0.009216589862 0.921658986175 0.041474654378
0.050691244240 0.036866359447 0.857142857143 0.055299539171
0.147465437788 0.018433179724 0.082949308756 0.751152073733
MOTIF HepG2.TAF15.9
letter-probability matrix: alength= 4 w= 7
0.093593314763 0.093593314763 0.689693593315 0.123119777159
0.106963788301 0.157103064067 0.187186629526 0.548746518106
0.953203342618 0.000000000000 0.043454038997 0.003342618384
0.035654596100 0.000000000000 0.964345403900 0.000000000000
0.002228412256 0.000000000000 0.997771587744 0.000000000000
0.031754874652 0.004456824513 0.960445682451 0.003342618384
0.997771587744 0.000000000000 0.000000000000 0.002228412256
