MEME version 5
ALPHABET= ACGU
Background letter frequencies:A 0.25 C 0.25 G 0.25 U 0.25
MOTIF HepG2.AUH.0
letter-probability matrix: alength= 4 w= 7
0.000000000000 0.000000000000 1.000000000000 0.000000000000
0.100000000000 0.800000000000 0.000000000000 0.100000000000
0.100000000000 0.200000000000 0.500000000000 0.200000000000
0.000000000000 0.000000000000 0.000000000000 1.000000000000
0.000000000000 0.100000000000 0.100000000000 0.800000000000
0.900000000000 0.100000000000 0.000000000000 0.000000000000
1.000000000000 0.000000000000 0.000000000000 0.000000000000
MOTIF HepG2.AUH.5
letter-probability matrix: alength= 4 w= 7
0.000000000000 0.939393939394 0.000000000000 0.060606060606
0.030303030303 0.060606060606 0.060606060606 0.848484848485
0.060606060606 0.818181818182 0.060606060606 0.060606060606
0.030303030303 0.030303030303 0.696969696970 0.242424242424
0.000000000000 0.060606060606 0.909090909091 0.030303030303
0.030303030303 0.000000000000 0.060606060606 0.909090909091
0.000000000000 0.878787878788 0.000000000000 0.121212121212
MOTIF HepG2.AUH.1
letter-probability matrix: alength= 4 w= 7
0.050000000000 0.000000000000 0.950000000000 0.000000000000
0.025000000000 0.025000000000 0.850000000000 0.100000000000
0.025000000000 0.025000000000 0.000000000000 0.950000000000
0.000000000000 0.025000000000 0.000000000000 0.975000000000
0.000000000000 0.000000000000 0.000000000000 1.000000000000
0.000000000000 0.625000000000 0.175000000000 0.200000000000
0.075000000000 0.100000000000 0.725000000000 0.100000000000
MOTIF HepG2.AUH.8
letter-probability matrix: alength= 4 w= 7
0.142857142857 0.571428571429 0.071428571429 0.214285714286
0.000000000000 0.214285714286 0.642857142857 0.142857142857
0.000000000000 0.000000000000 0.000000000000 1.000000000000
0.000000000000 0.000000000000 1.000000000000 0.000000000000
0.000000000000 0.000000000000 0.000000000000 1.000000000000
0.857142857143 0.000000000000 0.000000000000 0.142857142857
0.928571428571 0.000000000000 0.071428571429 0.000000000000
MOTIF HepG2.AUH.6
letter-probability matrix: alength= 4 w= 7
0.000000000000 0.000000000000 0.916666666667 0.083333333333
0.000000000000 0.000000000000 0.000000000000 1.000000000000
0.000000000000 0.000000000000 0.250000000000 0.750000000000
1.000000000000 0.000000000000 0.000000000000 0.000000000000
0.000000000000 0.000000000000 1.000000000000 0.000000000000
0.000000000000 0.500000000000 0.416666666667 0.083333333333
0.000000000000 0.000000000000 0.833333333333 0.166666666667
MOTIF HepG2.AUH.4
letter-probability matrix: alength= 4 w= 7
0.795454545455 0.022727272727 0.068181818182 0.113636363636
0.068181818182 0.000000000000 0.090909090909 0.840909090909
0.022727272727 0.045454545455 0.886363636364 0.045454545455
0.931818181818 0.022727272727 0.045454545455 0.000000000000
0.022727272727 0.068181818182 0.909090909091 0.000000000000
0.045454545455 0.000000000000 0.136363636364 0.818181818182
0.045454545455 0.000000000000 0.863636363636 0.090909090909
MOTIF HepG2.AUH.7
letter-probability matrix: alength= 4 w= 7
0.050000000000 0.150000000000 0.100000000000 0.700000000000
0.700000000000 0.100000000000 0.000000000000 0.200000000000
0.000000000000 0.050000000000 0.050000000000 0.900000000000
0.000000000000 0.950000000000 0.050000000000 0.000000000000
0.100000000000 0.000000000000 0.850000000000 0.050000000000
0.050000000000 0.000000000000 0.950000000000 0.000000000000
0.000000000000 0.950000000000 0.050000000000 0.000000000000
MOTIF HepG2.AUH.3
letter-probability matrix: alength= 4 w= 7
0.000000000000 0.000000000000 0.000000000000 1.000000000000
0.034482758621 0.000000000000 0.896551724138 0.068965517241
0.103448275862 0.586206896552 0.206896551724 0.103448275862
0.068965517241 0.103448275862 0.724137931034 0.103448275862
0.068965517241 0.000000000000 0.034482758621 0.896551724138
0.896551724138 0.000000000000 0.068965517241 0.034482758621
0.000000000000 0.000000000000 1.000000000000 0.000000000000
MOTIF HepG2.AUH.2
letter-probability matrix: alength= 4 w= 7
0.054054054054 0.000000000000 0.918918918919 0.027027027027
0.027027027027 0.054054054054 0.918918918919 0.000000000000
0.162162162162 0.783783783784 0.027027027027 0.027027027027
0.000000000000 0.648648648649 0.351351351351 0.000000000000
0.000000000000 0.945945945946 0.027027027027 0.027027027027
0.054054054054 0.108108108108 0.027027027027 0.810810810811
0.648648648649 0.054054054054 0.216216216216 0.081081081081
