MEME version 5
ALPHABET= ACGU
Background letter frequencies:A 0.25 C 0.25 G 0.25 U 0.25
MOTIF HepG2.DDX59.7
letter-probability matrix: alength= 4 w= 7
0.048780487805 0.170731707317 0.747967479675 0.032520325203
0.707317073171 0.121951219512 0.081300813008 0.089430894309
0.016260162602 0.918699186992 0.040650406504 0.024390243902
0.032520325203 0.959349593496 0.000000000000 0.008130081301
0.024390243902 0.951219512195 0.008130081301 0.016260162602
0.008130081301 0.918699186992 0.016260162602 0.056910569106
0.016260162602 0.097560975610 0.032520325203 0.853658536585
MOTIF HepG2.DDX59.6
letter-probability matrix: alength= 4 w= 7
0.007092198582 0.907801418440 0.014184397163 0.070921985816
0.021276595745 0.042553191489 0.000000000000 0.936170212766
0.035460992908 0.921985815603 0.021276595745 0.021276595745
0.014184397163 0.985815602837 0.000000000000 0.000000000000
0.000000000000 0.964539007092 0.007092198582 0.028368794326
0.468085106383 0.241134751773 0.035460992908 0.255319148936
0.000000000000 0.056737588652 0.085106382979 0.858156028369
MOTIF HepG2.DDX59.1
letter-probability matrix: alength= 4 w= 7
0.000000000000 0.492424242424 0.015151515152 0.492424242424
0.041666666667 0.935606060606 0.000000000000 0.022727272727
0.000000000000 0.996212121212 0.003787878788 0.000000000000
0.000000000000 0.977272727273 0.000000000000 0.022727272727
0.386363636364 0.223484848485 0.079545454545 0.310606060606
0.026515151515 0.094696969697 0.060606060606 0.818181818182
0.000000000000 0.950757575758 0.026515151515 0.022727272727
MOTIF HepG2.DDX59.0
letter-probability matrix: alength= 4 w= 7
0.033962264151 0.950943396226 0.007547169811 0.007547169811
0.015094339623 0.981132075472 0.000000000000 0.003773584906
0.000000000000 0.981132075472 0.000000000000 0.018867924528
0.381132075472 0.267924528302 0.041509433962 0.309433962264
0.007547169811 0.116981132075 0.037735849057 0.837735849057
0.000000000000 0.920754716981 0.045283018868 0.033962264151
0.000000000000 0.683018867925 0.000000000000 0.316981132075
MOTIF HepG2.DDX59.2
letter-probability matrix: alength= 4 w= 7
0.012903225806 0.954838709677 0.032258064516 0.000000000000
0.458064516129 0.406451612903 0.019354838710 0.116129032258
0.000000000000 0.935483870968 0.012903225806 0.051612903226
0.019354838710 0.103225806452 0.006451612903 0.870967741935
0.000000000000 0.051612903226 0.006451612903 0.941935483871
0.012903225806 0.909677419355 0.025806451613 0.051612903226
0.012903225806 0.980645161290 0.000000000000 0.006451612903
MOTIF HepG2.DDX59.5
letter-probability matrix: alength= 4 w= 7
0.556701030928 0.164948453608 0.077319587629 0.201030927835
0.005154639175 0.922680412371 0.036082474227 0.036082474227
0.020618556701 0.958762886598 0.000000000000 0.020618556701
0.010309278351 0.927835051546 0.000000000000 0.061855670103
0.015463917526 0.963917525773 0.010309278351 0.010309278351
0.030927835052 0.097938144330 0.030927835052 0.840206185567
0.000000000000 0.020618556701 0.061855670103 0.917525773196
MOTIF HepG2.DDX59.4
letter-probability matrix: alength= 4 w= 7
0.635514018692 0.065420560748 0.112149532710 0.186915887850
0.056074766355 0.046728971963 0.822429906542 0.074766355140
0.056074766355 0.028037383178 0.046728971963 0.869158878505
0.018691588785 0.869158878505 0.028037383178 0.084112149533
0.000000000000 0.943925233645 0.009345794393 0.046728971963
0.000000000000 0.971962616822 0.000000000000 0.028037383178
0.018691588785 0.925233644860 0.028037383178 0.028037383178
MOTIF HepG2.DDX59.3
letter-probability matrix: alength= 4 w= 7
0.000000000000 0.968750000000 0.018750000000 0.012500000000
0.425000000000 0.243750000000 0.018750000000 0.312500000000
0.012500000000 0.125000000000 0.043750000000 0.818750000000
0.000000000000 0.975000000000 0.000000000000 0.025000000000
0.000000000000 1.000000000000 0.000000000000 0.000000000000
0.000000000000 0.962500000000 0.000000000000 0.037500000000
0.018750000000 0.056250000000 0.000000000000 0.925000000000
