MEME version 5
ALPHABET= ACGU
Background letter frequencies:A 0.25 C 0.25 G 0.25 U 0.25
MOTIF HepG2.LARP4.9
letter-probability matrix: alength= 4 w= 7
0.019531250000 0.894531250000 0.035156250000 0.050781250000
0.777343750000 0.054687500000 0.015625000000 0.152343750000
0.023437500000 0.027343750000 0.035156250000 0.914062500000
0.019531250000 0.023437500000 0.039062500000 0.917968750000
0.019531250000 0.042968750000 0.777343750000 0.160156250000
0.039062500000 0.000000000000 0.035156250000 0.925781250000
0.031250000000 0.027343750000 0.875000000000 0.066406250000
MOTIF HepG2.LARP4.0
letter-probability matrix: alength= 4 w= 7
0.045454545455 0.000000000000 0.954545454545 0.000000000000
0.136363636364 0.590909090909 0.045454545455 0.227272727273
0.000000000000 0.000000000000 0.954545454545 0.045454545455
0.000000000000 0.045454545455 0.045454545455 0.909090909091
0.772727272727 0.000000000000 0.227272727273 0.000000000000
0.909090909091 0.045454545455 0.045454545455 0.000000000000
0.909090909091 0.045454545455 0.000000000000 0.045454545455
MOTIF HepG2.LARP4.7
letter-probability matrix: alength= 4 w= 7
0.028571428571 0.834285714286 0.022857142857 0.114285714286
0.034285714286 0.000000000000 0.005714285714 0.960000000000
0.034285714286 0.028571428571 0.874285714286 0.062857142857
0.022857142857 0.931428571429 0.028571428571 0.017142857143
0.028571428571 0.062857142857 0.000000000000 0.908571428571
0.628571428571 0.120000000000 0.097142857143 0.154285714286
0.017142857143 0.034285714286 0.045714285714 0.902857142857
MOTIF HepG2.LARP4.1
letter-probability matrix: alength= 4 w= 7
0.000000000000 0.038461538462 0.000000000000 0.961538461538
0.000000000000 0.884615384615 0.076923076923 0.038461538462
0.000000000000 0.038461538462 0.000000000000 0.961538461538
0.025641025641 0.948717948718 0.025641025641 0.000000000000
0.846153846154 0.076923076923 0.012820512821 0.064102564103
0.076923076923 0.679487179487 0.141025641026 0.102564102564
0.051282051282 0.051282051282 0.769230769231 0.128205128205
MOTIF HepG2.LARP4.2
letter-probability matrix: alength= 4 w= 7
0.013888888889 0.930555555556 0.020833333333 0.034722222222
0.909722222222 0.027777777778 0.027777777778 0.034722222222
0.041666666667 0.826388888889 0.041666666667 0.090277777778
0.034722222222 0.902777777778 0.006944444444 0.055555555556
0.034722222222 0.027777777778 0.006944444444 0.930555555556
0.611111111111 0.125000000000 0.083333333333 0.180555555556
0.000000000000 0.055555555556 0.020833333333 0.923611111111
MOTIF HepG2.LARP4.8
letter-probability matrix: alength= 4 w= 7
0.035502958580 0.017751479290 0.023668639053 0.923076923077
0.650887573964 0.094674556213 0.094674556213 0.159763313609
0.000000000000 0.000000000000 0.011834319527 0.988165680473
0.059171597633 0.023668639053 0.816568047337 0.100591715976
0.035502958580 0.899408284024 0.011834319527 0.053254437870
0.011834319527 0.041420118343 0.005917159763 0.940828402367
0.023668639053 0.852071005917 0.076923076923 0.047337278107
MOTIF HepG2.LARP4.6
letter-probability matrix: alength= 4 w= 7
0.162393162393 0.666666666667 0.051282051282 0.119658119658
0.051282051282 0.205128205128 0.692307692308 0.051282051282
0.829059829060 0.145299145299 0.008547008547 0.017094017094
0.017094017094 0.034188034188 0.025641025641 0.923076923077
0.000000000000 0.905982905983 0.008547008547 0.085470085470
0.000000000000 0.000000000000 0.000000000000 1.000000000000
0.000000000000 0.000000000000 0.008547008547 0.991452991453
MOTIF HepG2.LARP4.3
letter-probability matrix: alength= 4 w= 7
0.057553956835 0.848920863309 0.043165467626 0.050359712230
0.021582733813 0.935251798561 0.007194244604 0.035971223022
0.043165467626 0.884892086331 0.028776978417 0.043165467626
0.086330935252 0.877697841727 0.021582733813 0.014388489209
0.856115107914 0.035971223022 0.007194244604 0.100719424460
0.043165467626 0.064748201439 0.820143884892 0.071942446043
0.028776978417 0.079136690647 0.035971223022 0.856115107914
MOTIF HepG2.LARP4.4
letter-probability matrix: alength= 4 w= 7
0.011049723757 0.027624309392 0.027624309392 0.933701657459
0.022099447514 0.928176795580 0.027624309392 0.022099447514
0.027624309392 0.933701657459 0.027624309392 0.011049723757
0.027624309392 0.955801104972 0.016574585635 0.000000000000
0.038674033149 0.850828729282 0.011049723757 0.099447513812
0.066298342541 0.099447513812 0.635359116022 0.198895027624
0.033149171271 0.077348066298 0.049723756906 0.839779005525
MOTIF HepG2.LARP4.5
letter-probability matrix: alength= 4 w= 7
0.058823529412 0.941176470588 0.000000000000 0.000000000000
0.000000000000 0.000000000000 1.000000000000 0.000000000000
0.705882352941 0.235294117647 0.000000000000 0.058823529412
0.058823529412 0.882352941176 0.000000000000 0.058823529412
0.058823529412 0.000000000000 0.882352941176 0.058823529412
0.000000000000 1.000000000000 0.000000000000 0.000000000000
0.705882352941 0.117647058824 0.000000000000 0.176470588235
