MEME version 5
ALPHABET= ACGU
Background letter frequencies:A 0.25 C 0.25 G 0.25 U 0.25
MOTIF HepG2.U2AF2.2
letter-probability matrix: alength= 4 w= 7
0.006410256410 0.022435897436 0.000000000000 0.971153846154
0.041666666667 0.701923076923 0.060897435897 0.195512820513
0.016025641026 0.048076923077 0.000000000000 0.935897435897
0.775641025641 0.006410256410 0.019230769231 0.198717948718
0.009615384615 0.000000000000 0.955128205128 0.035256410256
0.041666666667 0.048076923077 0.810897435897 0.099358974359
0.060897435897 0.022435897436 0.022435897436 0.894230769231
MOTIF HepG2.U2AF2.8
letter-probability matrix: alength= 4 w= 7
0.004268292683 0.027439024390 0.006859756098 0.961432926829
0.009298780488 0.044512195122 0.026524390244 0.919664634146
0.018292682927 0.799847560976 0.058079268293 0.123780487805
0.029573170732 0.858079268293 0.001219512195 0.111128048780
0.016006097561 0.083231707317 0.000000000000 0.900762195122
0.003201219512 0.128048780488 0.008841463415 0.859908536585
0.012957317073 0.837957317073 0.027896341463 0.121189024390
MOTIF HepG2.U2AF2.5
letter-probability matrix: alength= 4 w= 7
0.014799154334 0.046652572234 0.008174770965 0.930373502467
0.006765327696 0.053840732911 0.015785764623 0.923608174771
0.015362931642 0.118252290345 0.024101479915 0.842283298097
0.017054263566 0.765468639887 0.039887244538 0.177589852008
0.008597603946 0.091613812544 0.000000000000 0.899788583510
0.009443269908 0.854827343199 0.021423537703 0.114305849190
0.019027484144 0.879774489077 0.000000000000 0.101198026779
MOTIF HepG2.U2AF2.3
letter-probability matrix: alength= 4 w= 7
0.013049719431 0.046978989952 0.011614250294 0.928357040324
0.013441211014 0.101396319979 0.046978989952 0.838183479055
0.019574579147 0.788855539606 0.027273913611 0.164295967637
0.012919222237 0.109487146026 0.000000000000 0.877593631737
0.008221323242 0.076732350254 0.017747618426 0.897298708078
0.014876680151 0.867153856192 0.022706511810 0.095262951847
0.017878115621 0.923006655357 0.000000000000 0.059115229023
MOTIF HepG2.U2AF2.1
letter-probability matrix: alength= 4 w= 7
0.029918404352 0.708975521306 0.032638259293 0.228467815050
0.015412511333 0.031731640979 0.000000000000 0.952855847688
0.000000000000 0.016319129646 0.011786038078 0.971894832276
0.033544877607 0.059836808704 0.024478694470 0.882139619220
0.014505893019 0.917497733454 0.011786038078 0.056210335449
0.851314596555 0.012692656392 0.006346328196 0.129646418858
0.034451495920 0.078875793291 0.804170444243 0.082502266546
MOTIF HepG2.U2AF2.7
letter-probability matrix: alength= 4 w= 7
0.012726990532 0.042837187646 0.017383206581 0.927052615241
0.028558125097 0.702157380102 0.039422629210 0.229861865591
0.014744684153 0.044544466863 0.000000000000 0.940710848983
0.008691603290 0.050131926121 0.032283097936 0.908893372652
0.024057116250 0.781778674530 0.027006053081 0.167158156138
0.016917584976 0.100884681049 0.000000000000 0.882197733975
0.009467639298 0.044078845258 0.015210305758 0.931243209685
MOTIF HepG2.U2AF2.4
letter-probability matrix: alength= 4 w= 7
0.005226480836 0.013937282230 0.015679442509 0.965156794425
0.008710801394 0.034843205575 0.005226480836 0.951219512195
0.069686411150 0.635888501742 0.059233449477 0.235191637631
0.024390243902 0.076655052265 0.000000000000 0.898954703833
0.844947735192 0.006968641115 0.017421602787 0.130662020906
0.026132404181 0.000000000000 0.947735191638 0.026132404181
0.045296167247 0.045296167247 0.855400696864 0.054006968641
MOTIF HepG2.U2AF2.6
letter-probability matrix: alength= 4 w= 7
0.000000000000 0.016722408027 0.006688963211 0.976588628763
0.010033444816 0.025083612040 0.018394648829 0.946488294314
0.070234113712 0.658862876254 0.040133779264 0.230769230769
0.774247491639 0.120401337793 0.000000000000 0.105351170569
0.023411371237 0.901337792642 0.028428093645 0.046822742475
0.936454849498 0.008361204013 0.000000000000 0.055183946488
0.013377926421 0.045150501672 0.876254180602 0.065217391304
MOTIF HepG2.U2AF2.9
letter-probability matrix: alength= 4 w= 7
0.031796502385 0.753577106518 0.025437201908 0.189189189189
0.000000000000 0.015898251192 0.001589825119 0.982511923688
0.006359300477 0.015898251192 0.003179650238 0.974562798092
0.039745627981 0.839427662957 0.020667726550 0.100158982512
0.009538950715 0.104928457870 0.000000000000 0.885532591415
0.779014308426 0.006359300477 0.030206677266 0.184419713831
0.030206677266 0.055643879173 0.831478537361 0.082670906200
MOTIF HepG2.U2AF2.0
letter-probability matrix: alength= 4 w= 7
0.008928571429 0.011479591837 0.000000000000 0.979591836735
0.003826530612 0.017857142857 0.014030612245 0.964285714286
0.053571428571 0.054846938776 0.039540816327 0.852040816327
0.040816326531 0.747448979592 0.039540816327 0.172193877551
0.940051020408 0.002551020408 0.000000000000 0.057397959184
0.043367346939 0.006377551020 0.895408163265 0.054846938776
0.117346938776 0.052295918367 0.723214285714 0.107142857143
