MEME version 5
ALPHABET= ACGU
Background letter frequencies:A 0.25 C 0.25 G 0.25 U 0.25
MOTIF HepG2.XRN2.5
letter-probability matrix: alength= 4 w= 7
0.019698725377 0.030127462341 0.942062572422 0.008111239861
0.019698725377 0.073001158749 0.871378910776 0.035921205098
0.011587485516 0.052143684820 0.931633835458 0.004634994206
0.059096176130 0.735805330243 0.169177288528 0.035921205098
0.006952491309 0.054461181924 0.924681344148 0.013904982619
0.022016222480 0.717265353418 0.227114716107 0.033603707995
0.003476245655 0.037079953650 0.954808806489 0.004634994206
MOTIF HepG2.XRN2.1
letter-probability matrix: alength= 4 w= 7
0.034449452672 0.046039922730 0.856084996780 0.063425627817
0.040888602704 0.057630392788 0.863490019317 0.037990985190
0.060528010303 0.051835157759 0.838699291693 0.048937540245
0.078235672891 0.046683837733 0.842562781713 0.032517707663
0.023824855119 0.196072118480 0.756278171281 0.023824855119
0.018995492595 0.307791371539 0.657759175789 0.015453960077
0.043464262717 0.762717321314 0.152929813265 0.040888602704
MOTIF HepG2.XRN2.3
letter-probability matrix: alength= 4 w= 7
0.007119741100 0.031715210356 0.950809061489 0.010355987055
0.078964401294 0.686084142395 0.080906148867 0.154045307443
0.031715210356 0.034951456311 0.873139158576 0.060194174757
0.011650485437 0.036245954693 0.936569579288 0.015533980583
0.014886731392 0.106796116505 0.861488673139 0.016828478964
0.030420711974 0.047249190939 0.899029126214 0.023300970874
0.032362459547 0.073139158576 0.876375404531 0.018122977346
MOTIF HepG2.XRN2.0
letter-probability matrix: alength= 4 w= 7
0.032072368421 0.828125000000 0.098684210526 0.041118421053
0.023848684211 0.879111842105 0.060855263158 0.036184210526
0.043585526316 0.824835526316 0.052631578947 0.078947368421
0.045230263158 0.040296052632 0.491776315789 0.422697368421
0.027138157895 0.046052631579 0.893914473684 0.032894736842
0.029605263158 0.043585526316 0.893914473684 0.032894736842
0.038651315789 0.082236842105 0.860197368421 0.018914473684
MOTIF HepG2.XRN2.4
letter-probability matrix: alength= 4 w= 7
0.025821596244 0.034037558685 0.916666666667 0.023474178404
0.017018779343 0.031690140845 0.941901408451 0.009389671362
0.105633802817 0.680751173709 0.073356807512 0.140258215962
0.061032863850 0.053990610329 0.826877934272 0.058098591549
0.013497652582 0.034624413146 0.934859154930 0.017018779343
0.021713615023 0.085093896714 0.877347417840 0.015845070423
0.026995305164 0.045187793427 0.912558685446 0.015258215962
MOTIF HepG2.XRN2.2
letter-probability matrix: alength= 4 w= 7
0.047572815534 0.041747572816 0.847572815534 0.063106796117
0.063106796117 0.062135922330 0.817475728155 0.057281553398
0.037864077670 0.071844660194 0.854368932039 0.035922330097
0.029126213592 0.623300970874 0.043689320388 0.303883495146
0.032038834951 0.857281553398 0.062135922330 0.048543689320
0.026213592233 0.898058252427 0.042718446602 0.033009708738
0.032038834951 0.878640776699 0.060194174757 0.029126213592
