MEME version 5
ALPHABET= ACGU
Background letter frequencies:A 0.25 C 0.25 G 0.25 U 0.25
MOTIF K562.RBM15.0
letter-probability matrix: alength= 4 w= 7
0.164233576642 0.051796743403 0.036917462100 0.747052217855
0.002947782145 0.019230769231 0.023161145424 0.954660303200
0.003368893880 0.009825940483 0.044637843908 0.942167321729
0.013756316676 0.053060078608 0.870578326783 0.062605277934
0.024003368894 0.885738349242 0.046603032004 0.043655249860
0.101909039865 0.762212240314 0.037619314992 0.098259404829
0.457046603032 0.091100505334 0.372543514879 0.079309376755
MOTIF K562.RBM15.1
letter-probability matrix: alength= 4 w= 7
0.000000000000 0.031885556705 0.026801103068 0.941313340228
0.000000000000 0.000000000000 0.035763529817 0.964236470183
0.011030679076 0.042485349879 0.862288865908 0.084195105136
0.045846259910 0.827387107894 0.069458807308 0.057307824888
0.370734229576 0.395467080317 0.141589107204 0.092209582902
0.392192347466 0.300672182006 0.216907962771 0.090227507756
0.064374353671 0.632281971734 0.253274732851 0.050068941744
MOTIF K562.RBM15.2
letter-probability matrix: alength= 4 w= 7
0.101226993865 0.683282208589 0.124233128834 0.091257668712
0.113113496933 0.131134969325 0.640720858896 0.115030674847
0.018404907975 0.925613496933 0.024539877301 0.031441717791
0.018404907975 0.035659509202 0.017638036810 0.928297546012
0.000000000000 0.009202453988 0.016104294479 0.974693251534
0.000000000000 0.002684049080 0.025690184049 0.971625766871
0.000000000000 0.026073619632 0.941717791411 0.032208588957
