MEME version 5
ALPHABET= ACGU
Background letter frequencies:A 0.25 C 0.25 G 0.25 U 0.25
MOTIF K562.DDX6.3
letter-probability matrix: alength= 4 w= 7
0.000000000000 0.000000000000 0.000000000000 1.000000000000
0.111111111111 0.555555555556 0.222222222222 0.111111111111
0.055555555556 0.000000000000 0.833333333333 0.111111111111
0.000000000000 1.000000000000 0.000000000000 0.000000000000
0.000000000000 0.111111111111 0.000000000000 0.888888888889
0.833333333333 0.111111111111 0.055555555556 0.000000000000
0.111111111111 0.000000000000 0.888888888889 0.000000000000
MOTIF K562.DDX6.5
letter-probability matrix: alength= 4 w= 7
0.119402985075 0.029850746269 0.805970149254 0.044776119403
0.059701492537 0.865671641791 0.029850746269 0.044776119403
0.000000000000 0.000000000000 0.000000000000 1.000000000000
0.029850746269 0.000000000000 0.865671641791 0.104477611940
0.044776119403 0.059701492537 0.014925373134 0.880597014925
0.746268656716 0.044776119403 0.089552238806 0.119402985075
0.059701492537 0.000000000000 0.044776119403 0.895522388060
MOTIF K562.DDX6.6
letter-probability matrix: alength= 4 w= 7
0.000000000000 0.026315789474 0.973684210526 0.000000000000
0.157894736842 0.736842105263 0.078947368421 0.026315789474
0.710526315789 0.078947368421 0.026315789474 0.184210526316
0.000000000000 0.000000000000 0.052631578947 0.947368421053
0.000000000000 0.026315789474 0.973684210526 0.000000000000
0.000000000000 0.815789473684 0.105263157895 0.078947368421
0.868421052632 0.052631578947 0.000000000000 0.078947368421
MOTIF K562.DDX6.4
letter-probability matrix: alength= 4 w= 7
0.823529411765 0.117647058824 0.000000000000 0.058823529412
0.058823529412 0.058823529412 0.000000000000 0.882352941176
0.705882352941 0.000000000000 0.117647058824 0.176470588235
0.000000000000 0.000000000000 0.823529411765 0.176470588235
0.000000000000 0.000000000000 0.058823529412 0.941176470588
0.000000000000 0.941176470588 0.000000000000 0.058823529412
0.117647058824 0.882352941176 0.000000000000 0.000000000000
MOTIF K562.DDX6.2
letter-probability matrix: alength= 4 w= 7
0.000000000000 0.000000000000 0.000000000000 1.000000000000
0.000000000000 0.000000000000 0.974025974026 0.025974025974
0.103896103896 0.831168831169 0.012987012987 0.051948051948
0.714285714286 0.077922077922 0.090909090909 0.116883116883
0.012987012987 0.000000000000 0.064935064935 0.922077922078
0.000000000000 0.064935064935 0.935064935065 0.000000000000
0.051948051948 0.688311688312 0.103896103896 0.155844155844
MOTIF K562.DDX6.1
letter-probability matrix: alength= 4 w= 7
0.000000000000 1.000000000000 0.000000000000 0.000000000000
0.000000000000 0.000000000000 0.000000000000 1.000000000000
1.000000000000 0.000000000000 0.000000000000 0.000000000000
0.916666666667 0.083333333333 0.000000000000 0.000000000000
0.000000000000 0.000000000000 0.000000000000 1.000000000000
0.083333333333 0.500000000000 0.083333333333 0.333333333333
0.083333333333 0.166666666667 0.666666666667 0.083333333333
MOTIF K562.DDX6.0
letter-probability matrix: alength= 4 w= 7
0.016853932584 0.033707865169 0.016853932584 0.932584269663
0.000000000000 0.000000000000 0.016853932584 0.983146067416
0.011235955056 0.005617977528 0.814606741573 0.168539325843
0.028089887640 0.016853932584 0.011235955056 0.943820224719
0.876404494382 0.028089887640 0.028089887640 0.067415730337
0.196629213483 0.601123595506 0.112359550562 0.089887640449
0.949438202247 0.000000000000 0.011235955056 0.039325842697
