MEME version 5
ALPHABET= ACGU
Background letter frequencies:A 0.25 C 0.25 G 0.25 U 0.25
MOTIF K562.NSUN2.5
letter-probability matrix: alength= 4 w= 7
0.035714285714 0.928571428571 0.035714285714 0.000000000000
0.000000000000 0.071428571429 0.035714285714 0.892857142857
0.678571428571 0.035714285714 0.107142857143 0.178571428571
0.071428571429 0.928571428571 0.000000000000 0.000000000000
0.035714285714 0.000000000000 0.000000000000 0.964285714286
0.107142857143 0.000000000000 0.857142857143 0.035714285714
0.892857142857 0.000000000000 0.035714285714 0.071428571429
MOTIF K562.NSUN2.9
letter-probability matrix: alength= 4 w= 7
0.000000000000 0.000000000000 0.100000000000 0.900000000000
0.000000000000 0.800000000000 0.000000000000 0.200000000000
0.000000000000 0.000000000000 0.000000000000 1.000000000000
0.000000000000 0.000000000000 0.000000000000 1.000000000000
0.600000000000 0.100000000000 0.000000000000 0.300000000000
0.100000000000 0.800000000000 0.100000000000 0.000000000000
0.100000000000 0.000000000000 0.900000000000 0.000000000000
MOTIF K562.NSUN2.0
letter-probability matrix: alength= 4 w= 7
0.833333333333 0.166666666667 0.000000000000 0.000000000000
0.666666666667 0.000000000000 0.333333333333 0.000000000000
0.000000000000 0.916666666667 0.083333333333 0.000000000000
0.083333333333 0.000000000000 0.916666666667 0.000000000000
0.083333333333 0.750000000000 0.083333333333 0.083333333333
0.000000000000 0.000000000000 0.916666666667 0.083333333333
0.000000000000 1.000000000000 0.000000000000 0.000000000000
MOTIF K562.NSUN2.3
letter-probability matrix: alength= 4 w= 7
0.000000000000 0.000000000000 1.000000000000 0.000000000000
0.000000000000 0.000000000000 1.000000000000 0.000000000000
0.666666666667 0.111111111111 0.222222222222 0.000000000000
0.000000000000 0.888888888889 0.000000000000 0.111111111111
0.000000000000 0.111111111111 0.000000000000 0.888888888889
0.000000000000 0.000000000000 0.111111111111 0.888888888889
0.777777777778 0.000000000000 0.111111111111 0.111111111111
MOTIF K562.NSUN2.4
letter-probability matrix: alength= 4 w= 7
0.125000000000 0.791666666667 0.041666666667 0.041666666667
0.833333333333 0.041666666667 0.000000000000 0.125000000000
0.000000000000 0.875000000000 0.000000000000 0.125000000000
0.000000000000 0.125000000000 0.000000000000 0.875000000000
0.083333333333 0.000000000000 0.083333333333 0.833333333333
0.041666666667 0.083333333333 0.875000000000 0.000000000000
0.916666666667 0.000000000000 0.083333333333 0.000000000000
MOTIF K562.NSUN2.1
letter-probability matrix: alength= 4 w= 7
0.000000000000 0.812500000000 0.125000000000 0.062500000000
0.031250000000 0.187500000000 0.562500000000 0.218750000000
0.000000000000 0.031250000000 0.031250000000 0.937500000000
0.000000000000 0.000000000000 0.031250000000 0.968750000000
0.000000000000 0.968750000000 0.000000000000 0.031250000000
0.000000000000 0.906250000000 0.031250000000 0.062500000000
0.031250000000 0.031250000000 0.000000000000 0.937500000000
MOTIF K562.NSUN2.2
letter-probability matrix: alength= 4 w= 7
0.000000000000 0.826086956522 0.130434782609 0.043478260870
0.086956521739 0.000000000000 0.000000000000 0.913043478261
0.086956521739 0.043478260870 0.086956521739 0.782608695652
0.695652173913 0.130434782609 0.043478260870 0.130434782609
0.086956521739 0.043478260870 0.000000000000 0.869565217391
0.000000000000 0.956521739130 0.000000000000 0.043478260870
0.956521739130 0.000000000000 0.000000000000 0.043478260870
MOTIF K562.NSUN2.8
letter-probability matrix: alength= 4 w= 7
0.083333333333 0.041666666667 0.875000000000 0.000000000000
0.041666666667 0.083333333333 0.083333333333 0.791666666667
0.875000000000 0.000000000000 0.000000000000 0.125000000000
0.083333333333 0.166666666667 0.000000000000 0.750000000000
0.000000000000 1.000000000000 0.000000000000 0.000000000000
0.041666666667 0.958333333333 0.000000000000 0.000000000000
0.791666666667 0.208333333333 0.000000000000 0.000000000000
MOTIF K562.NSUN2.6
letter-probability matrix: alength= 4 w= 7
1.000000000000 0.000000000000 0.000000000000 0.000000000000
0.000000000000 0.666666666667 0.000000000000 0.333333333333
0.000000000000 0.000000000000 0.666666666667 0.333333333333
0.000000000000 0.000000000000 0.000000000000 1.000000000000
0.666666666667 0.000000000000 0.333333333333 0.000000000000
0.000000000000 0.000000000000 1.000000000000 0.000000000000
1.000000000000 0.000000000000 0.000000000000 0.000000000000
MOTIF K562.NSUN2.7
letter-probability matrix: alength= 4 w= 7
0.000000000000 1.000000000000 0.000000000000 0.000000000000
0.153846153846 0.769230769231 0.076923076923 0.000000000000
0.000000000000 1.000000000000 0.000000000000 0.000000000000
0.076923076923 0.153846153846 0.000000000000 0.769230769231
0.692307692308 0.076923076923 0.153846153846 0.076923076923
0.000000000000 0.000000000000 0.923076923077 0.076923076923
0.846153846154 0.000000000000 0.153846153846 0.000000000000
