MEME version 5
ALPHABET= ACGU
Background letter frequencies:A 0.25 C 0.25 G 0.25 U 0.25
MOTIF K562.AGGF1.3
letter-probability matrix: alength= 4 w= 7
0.784946236559 0.055913978495 0.101075268817 0.058064516129
0.903225806452 0.021505376344 0.047311827957 0.027956989247
0.507526881720 0.000000000000 0.043010752688 0.449462365591
0.081720430108 0.027956989247 0.825806451613 0.064516129032
0.920430107527 0.038709677419 0.040860215054 0.000000000000
0.920430107527 0.004301075269 0.034408602151 0.040860215054
0.105376344086 0.030107526882 0.748387096774 0.116129032258
MOTIF K562.AGGF1.1
letter-probability matrix: alength= 4 w= 7
0.010388611004 0.910734898038 0.011542901116 0.067333589842
0.944978838015 0.010388611004 0.008464794152 0.036167756830
0.017314351674 0.893035782993 0.013851481339 0.075798383994
0.905732974221 0.036167756830 0.015390534821 0.042708734129
0.008080030781 0.921123509042 0.019622931897 0.051173528280
0.929203539823 0.028472489419 0.006925740669 0.035398230088
0.033859176606 0.790303963063 0.032704886495 0.143131973836
MOTIF K562.AGGF1.0
letter-probability matrix: alength= 4 w= 7
0.114093959732 0.040268456376 0.785234899329 0.060402684564
0.882550335570 0.033557046980 0.077181208054 0.006711409396
0.879194630872 0.006711409396 0.073825503356 0.040268456376
0.073825503356 0.013422818792 0.882550335570 0.030201342282
0.885906040268 0.016778523490 0.073825503356 0.023489932886
0.916107382550 0.033557046980 0.030201342282 0.020134228188
0.845637583893 0.023489932886 0.073825503356 0.057046979866
MOTIF K562.AGGF1.2
letter-probability matrix: alength= 4 w= 7
0.877005347594 0.032085561497 0.064171122995 0.026737967914
0.925133689840 0.000000000000 0.042780748663 0.032085561497
0.080213903743 0.037433155080 0.855614973262 0.026737967914
0.941176470588 0.016042780749 0.026737967914 0.016042780749
0.919786096257 0.000000000000 0.048128342246 0.032085561497
0.213903743316 0.598930481283 0.048128342246 0.139037433155
0.026737967914 0.000000000000 0.032085561497 0.941176470588
MOTIF K562.AGGF1.4
letter-probability matrix: alength= 4 w= 7
0.809478672986 0.025592417062 0.115165876777 0.049763033175
0.010900473934 0.891943127962 0.013744075829 0.083412322275
0.972511848341 0.006161137441 0.001421800948 0.019905213270
0.011848341232 0.918483412322 0.009478672986 0.060189573460
0.944075829384 0.020379146919 0.008056872038 0.027488151659
0.015639810427 0.878199052133 0.024170616114 0.081990521327
0.864928909953 0.056872037915 0.019431279621 0.058767772512
MOTIF K562.AGGF1.5
letter-probability matrix: alength= 4 w= 7
0.866666666667 0.032000000000 0.044000000000 0.057333333333
0.865333333333 0.008000000000 0.064000000000 0.062666666667
0.220000000000 0.033333333333 0.686666666667 0.060000000000
0.906666666667 0.016000000000 0.060000000000 0.017333333333
0.914666666667 0.000000000000 0.036000000000 0.049333333333
0.658666666667 0.006666666667 0.318666666667 0.016000000000
0.753333333333 0.141333333333 0.041333333333 0.064000000000
