MEME version 5
ALPHABET= ACGU
Background letter frequencies:A 0.25 C 0.25 G 0.25 U 0.25
MOTIF K562.LSM11.8
letter-probability matrix: alength= 4 w= 7
0.722222222222 0.018518518519 0.148148148148 0.111111111111
0.009259259259 0.000000000000 0.935185185185 0.055555555556
0.787037037037 0.046296296296 0.101851851852 0.064814814815
0.055555555556 0.037037037037 0.898148148148 0.009259259259
0.009259259259 0.944444444444 0.037037037037 0.009259259259
0.092592592593 0.018518518519 0.009259259259 0.879629629630
0.009259259259 0.009259259259 0.888888888889 0.092592592593
MOTIF K562.LSM11.1
letter-probability matrix: alength= 4 w= 7
0.864864864865 0.013513513514 0.054054054054 0.067567567568
0.013513513514 0.000000000000 0.959459459459 0.027027027027
0.013513513514 0.945945945946 0.000000000000 0.040540540541
0.054054054054 0.000000000000 0.000000000000 0.945945945946
0.000000000000 0.013513513514 0.851351351351 0.135135135135
0.040540540541 0.040540540541 0.054054054054 0.864864864865
0.743243243243 0.067567567568 0.108108108108 0.081081081081
MOTIF K562.LSM11.4
letter-probability matrix: alength= 4 w= 7
0.087719298246 0.043859649123 0.833333333333 0.035087719298
0.833333333333 0.035087719298 0.070175438596 0.061403508772
0.026315789474 0.052631578947 0.912280701754 0.008771929825
0.026315789474 0.938596491228 0.017543859649 0.017543859649
0.026315789474 0.026315789474 0.000000000000 0.947368421053
0.000000000000 0.035087719298 0.850877192982 0.114035087719
0.070175438596 0.043859649123 0.078947368421 0.807017543860
MOTIF K562.LSM11.0
letter-probability matrix: alength= 4 w= 7
0.076923076923 0.030769230769 0.676923076923 0.215384615385
0.030769230769 0.015384615385 0.030769230769 0.923076923077
0.984615384615 0.000000000000 0.015384615385 0.000000000000
0.923076923077 0.000000000000 0.030769230769 0.046153846154
0.061538461538 0.923076923077 0.000000000000 0.015384615385
0.938461538462 0.000000000000 0.000000000000 0.061538461538
0.030769230769 0.830769230769 0.107692307692 0.030769230769
MOTIF K562.LSM11.9
letter-probability matrix: alength= 4 w= 7
0.815384615385 0.030769230769 0.061538461538 0.092307692308
0.846153846154 0.046153846154 0.046153846154 0.061538461538
0.784615384615 0.000000000000 0.153846153846 0.061538461538
0.092307692308 0.000000000000 0.876923076923 0.030769230769
0.953846153846 0.000000000000 0.030769230769 0.015384615385
0.030769230769 0.015384615385 0.953846153846 0.000000000000
0.061538461538 0.815384615385 0.107692307692 0.015384615385
MOTIF K562.LSM11.6
letter-probability matrix: alength= 4 w= 7
0.008000000000 0.024000000000 0.024000000000 0.944000000000
0.824000000000 0.040000000000 0.040000000000 0.096000000000
0.904000000000 0.016000000000 0.040000000000 0.040000000000
0.136000000000 0.792000000000 0.000000000000 0.072000000000
0.944000000000 0.008000000000 0.000000000000 0.048000000000
0.056000000000 0.840000000000 0.032000000000 0.072000000000
0.096000000000 0.016000000000 0.000000000000 0.888000000000
MOTIF K562.LSM11.5
letter-probability matrix: alength= 4 w= 7
0.000000000000 0.000000000000 0.000000000000 1.000000000000
0.071794871795 0.041025641026 0.651282051282 0.235897435897
0.092307692308 0.010256410256 0.020512820513 0.876923076923
0.912820512821 0.030769230769 0.041025641026 0.015384615385
0.912820512821 0.015384615385 0.056410256410 0.015384615385
0.092307692308 0.805128205128 0.061538461538 0.041025641026
0.943589743590 0.020512820513 0.000000000000 0.035897435897
MOTIF K562.LSM11.2
letter-probability matrix: alength= 4 w= 7
0.068493150685 0.000000000000 0.835616438356 0.095890410959
0.000000000000 0.890410958904 0.054794520548 0.054794520548
0.013698630137 0.000000000000 0.000000000000 0.986301369863
0.000000000000 0.041095890411 0.794520547945 0.164383561644
0.041095890411 0.013698630137 0.068493150685 0.876712328767
0.808219178082 0.000000000000 0.095890410959 0.095890410959
0.876712328767 0.013698630137 0.013698630137 0.095890410959
MOTIF K562.LSM11.7
letter-probability matrix: alength= 4 w= 7
0.864583333333 0.031250000000 0.041666666667 0.062500000000
0.843750000000 0.000000000000 0.072916666667 0.083333333333
0.093750000000 0.041666666667 0.843750000000 0.020833333333
0.916666666667 0.000000000000 0.031250000000 0.052083333333
0.114583333333 0.010416666667 0.843750000000 0.031250000000
0.062500000000 0.822916666667 0.093750000000 0.020833333333
0.062500000000 0.010416666667 0.000000000000 0.927083333333
MOTIF K562.LSM11.3
letter-probability matrix: alength= 4 w= 7
0.040404040404 0.737373737374 0.000000000000 0.222222222222
0.010101010101 0.020202020202 0.000000000000 0.969696969697
0.020202020202 0.050505050505 0.828282828283 0.101010101010
0.070707070707 0.020202020202 0.050505050505 0.858585858586
0.898989898990 0.050505050505 0.030303030303 0.020202020202
0.898989898990 0.030303030303 0.050505050505 0.020202020202
0.080808080808 0.858585858586 0.050505050505 0.010101010101
