MEME version 5
ALPHABET= ACGU
Background letter frequencies:A 0.25 C 0.25 G 0.25 U 0.25
MOTIF K562.TARDBP.0
letter-probability matrix: alength= 4 w= 7
0.053568118628 0.011306765524 0.022613531047 0.912511584801
0.031139944393 0.005189990732 0.958665430955 0.005004633920
0.793141797961 0.054309545876 0.080630213160 0.071918443003
0.816682113068 0.052826691381 0.074698795181 0.055792400371
0.006858202039 0.003707136237 0.009453197405 0.979981464319
0.011677479147 0.002965708990 0.978498609824 0.006858202039
0.497312326228 0.048748841520 0.314921223355 0.139017608897
MOTIF K562.TARDBP.2
letter-probability matrix: alength= 4 w= 7
0.013105872016 0.018963244985 0.009005710939 0.958925172060
0.043710645775 0.010616488505 0.929345438571 0.016327427149
0.010836139991 0.020134719578 0.006662761751 0.962366378679
0.059964855762 0.014789866745 0.905037340753 0.020207936740
0.010543271343 0.016986381608 0.005491287158 0.966979059892
0.052423488066 0.015961341338 0.913457314394 0.018157856201
0.045980377801 0.044076731586 0.007175281886 0.902767608727
MOTIF K562.TARDBP.1
letter-probability matrix: alength= 4 w= 7
0.122034360513 0.019634578675 0.834742296155 0.023588764658
0.028292882465 0.036610308154 0.005044995909 0.930051813472
0.102604308699 0.015339514590 0.864875920371 0.017180256340
0.038178347423 0.042473411508 0.009476411235 0.909871829834
0.113103354241 0.022702481593 0.838764657758 0.025429506409
0.017180256340 0.020657212981 0.006681210799 0.955481319880
0.060403599673 0.022020725389 0.887101172621 0.030474502318
