MEME version 5
ALPHABET= ACGU
Background letter frequencies:A 0.25 C 0.25 G 0.25 U 0.25
MOTIF K562.TNRC6A.0
letter-probability matrix: alength= 4 w= 7
0.192913385827 0.074803149606 0.098425196850 0.633858267717
0.000000000000 0.000000000000 0.000000000000 1.000000000000
0.141732283465 0.051181102362 0.724409448819 0.082677165354
0.031496062992 0.933070866142 0.003937007874 0.031496062992
0.940944881890 0.043307086614 0.000000000000 0.015748031496
0.011811023622 0.940944881890 0.027559055118 0.019685039370
0.905511811024 0.051181102362 0.007874015748 0.035433070866
MOTIF K562.TNRC6A.6
letter-probability matrix: alength= 4 w= 7
0.923076923077 0.076923076923 0.000000000000 0.000000000000
0.923076923077 0.076923076923 0.000000000000 0.000000000000
0.923076923077 0.000000000000 0.076923076923 0.000000000000
0.000000000000 0.846153846154 0.153846153846 0.000000000000
0.076923076923 0.000000000000 0.846153846154 0.076923076923
0.000000000000 0.692307692308 0.230769230769 0.076923076923
0.000000000000 0.076923076923 0.846153846154 0.076923076923
MOTIF K562.TNRC6A.4
letter-probability matrix: alength= 4 w= 7
0.950000000000 0.025000000000 0.025000000000 0.000000000000
0.050000000000 0.900000000000 0.000000000000 0.050000000000
0.112500000000 0.000000000000 0.000000000000 0.887500000000
0.025000000000 0.275000000000 0.500000000000 0.200000000000
0.825000000000 0.062500000000 0.000000000000 0.112500000000
0.037500000000 0.950000000000 0.012500000000 0.000000000000
1.000000000000 0.000000000000 0.000000000000 0.000000000000
MOTIF K562.TNRC6A.3
letter-probability matrix: alength= 4 w= 7
0.015748031496 0.809812235009 0.021199273168 0.153240460327
0.872198667474 0.016959418534 0.069049061175 0.041792852816
0.009085402786 0.735311932162 0.013325257420 0.242277407632
0.826165960024 0.049061175045 0.061175045427 0.063597819503
0.009691096305 0.883101150818 0.026650514839 0.080557238038
0.906723198062 0.036947304664 0.017565112053 0.038764385221
0.007874015748 0.672925499697 0.025439127801 0.293761356753
MOTIF K562.TNRC6A.1
letter-probability matrix: alength= 4 w= 7
0.964114832536 0.000000000000 0.026315789474 0.009569377990
0.000000000000 0.976076555024 0.007177033493 0.016746411483
0.990430622010 0.000000000000 0.000000000000 0.009569377990
0.000000000000 0.976076555024 0.009569377990 0.014354066986
0.944976076555 0.023923444976 0.009569377990 0.021531100478
0.031100478469 0.849282296651 0.033492822967 0.086124401914
0.440191387560 0.112440191388 0.043062200957 0.404306220096
MOTIF K562.TNRC6A.5
letter-probability matrix: alength= 4 w= 7
0.236162361624 0.033210332103 0.678966789668 0.051660516605
0.014760147601 0.959409594096 0.011070110701 0.014760147601
0.988929889299 0.000000000000 0.000000000000 0.011070110701
0.025830258303 0.295202952030 0.011070110701 0.667896678967
0.826568265683 0.047970479705 0.121771217712 0.003690036900
0.000000000000 0.988929889299 0.000000000000 0.011070110701
0.985239852399 0.000000000000 0.007380073801 0.007380073801
MOTIF K562.TNRC6A.2
letter-probability matrix: alength= 4 w= 7
0.879551820728 0.028011204482 0.044817927171 0.047619047619
0.002801120448 0.977591036415 0.005602240896 0.014005602241
0.955182072829 0.014005602241 0.005602240896 0.025210084034
0.011204481793 0.904761904762 0.000000000000 0.084033613445
0.515406162465 0.053221288515 0.016806722689 0.414565826331
0.000000000000 0.971988795518 0.000000000000 0.028011204482
0.966386554622 0.008403361345 0.000000000000 0.025210084034
