MEME version 5
ALPHABET= ACGU
Background letter frequencies:A 0.25 C 0.25 G 0.25 U 0.25
MOTIF K562.HNRNPU.8
letter-probability matrix: alength= 4 w= 7
0.073878627968 0.000000000000 0.891820580475 0.034300791557
0.007915567282 0.007915567282 0.947229551451 0.036939313984
0.058047493404 0.023746701847 0.160949868074 0.757255936675
0.021108179420 0.852242744063 0.092348284960 0.034300791557
0.968337730871 0.000000000000 0.010554089710 0.021108179420
0.013192612137 0.034300791557 0.939313984169 0.013192612137
0.686015831135 0.018469656992 0.255936675462 0.039577836412
MOTIF K562.HNRNPU.1
letter-probability matrix: alength= 4 w= 7
0.776162790698 0.000000000000 0.191860465116 0.031976744186
0.005813953488 0.000000000000 0.991279069767 0.002906976744
0.857558139535 0.008720930233 0.098837209302 0.034883720930
0.023255813953 0.043604651163 0.901162790698 0.031976744186
0.034883720930 0.901162790698 0.046511627907 0.017441860465
0.921511627907 0.049418604651 0.014534883721 0.014534883721
0.081395348837 0.680232558140 0.218023255814 0.020348837209
MOTIF K562.HNRNPU.0
letter-probability matrix: alength= 4 w= 7
0.018181818182 0.110366826156 0.054226475279 0.817224880383
0.968102073365 0.006060606061 0.017224880383 0.008612440191
0.620733652313 0.000000000000 0.371291866029 0.007974481659
0.017862838915 0.000000000000 0.970653907496 0.011483253589
0.033492822967 0.007974481659 0.945135566188 0.013397129187
0.993620414673 0.000000000000 0.002870813397 0.003508771930
0.014035087719 0.000000000000 0.985964912281 0.000000000000
MOTIF K562.HNRNPU.6
letter-probability matrix: alength= 4 w= 7
0.031026252983 0.000000000000 0.916467780430 0.052505966587
0.971360381862 0.000000000000 0.023866348449 0.004773269690
0.026252983294 0.004773269690 0.966587112172 0.002386634845
0.062052505967 0.813842482100 0.083532219570 0.040572792363
0.890214797136 0.047732696897 0.016706443914 0.045346062053
0.069212410501 0.100238663484 0.181384248210 0.649164677804
0.854415274463 0.042959427208 0.066825775656 0.035799522673
MOTIF K562.HNRNPU.2
letter-probability matrix: alength= 4 w= 7
0.089435600579 0.155426917511 0.139507959479 0.615629522431
0.953690303907 0.000000000000 0.026917510854 0.019392185239
0.030390738061 0.000000000000 0.965846599132 0.003762662808
0.014761215630 0.005499276411 0.974240231548 0.005499276411
0.630390738061 0.015629522431 0.336903039074 0.017076700434
0.993342981187 0.000000000000 0.006657018813 0.000000000000
0.004341534009 0.000000000000 0.995658465991 0.000000000000
MOTIF K562.HNRNPU.4
letter-probability matrix: alength= 4 w= 7
0.938202247191 0.011235955056 0.011235955056 0.039325842697
0.016853932584 0.022471910112 0.921348314607 0.039325842697
0.044943820225 0.904494382022 0.033707865169 0.016853932584
0.893258426966 0.033707865169 0.016853932584 0.056179775281
0.073033707865 0.764044943820 0.123595505618 0.039325842697
0.910112359551 0.067415730337 0.016853932584 0.005617977528
0.039325842697 0.685393258427 0.207865168539 0.067415730337
MOTIF K562.HNRNPU.7
letter-probability matrix: alength= 4 w= 7
0.942169170611 0.000000000000 0.042395554641 0.015435274748
0.018110722371 0.000000000000 0.975303560403 0.006585717226
0.023667421280 0.017904918708 0.943609796254 0.014817863758
0.613089112986 0.038279481375 0.325581395349 0.023050010290
0.910681210126 0.000000000000 0.081909857995 0.007408931879
0.019757151677 0.000000000000 0.980242848323 0.000000000000
0.092405844824 0.090965219181 0.770734719078 0.045894216917
MOTIF K562.HNRNPU.5
letter-probability matrix: alength= 4 w= 7
0.050938337802 0.050938337802 0.678284182306 0.219839142091
0.053619302949 0.037533512064 0.061662198391 0.847184986595
0.037533512064 0.833780160858 0.080428954424 0.048257372654
0.892761394102 0.064343163539 0.008042895442 0.034852546917
0.016085790885 0.887399463807 0.061662198391 0.034852546917
0.965147453083 0.008042895442 0.000000000000 0.026809651475
0.013404825737 0.008042895442 0.951742627346 0.026809651475
MOTIF K562.HNRNPU.3
letter-probability matrix: alength= 4 w= 7
0.872146118721 0.004566210046 0.075342465753 0.047945205479
0.049086757991 0.001141552511 0.926940639269 0.022831050228
0.055936073059 0.063926940639 0.828767123288 0.051369863014
0.081050228311 0.093607305936 0.146118721461 0.679223744292
0.060502283105 0.813926940639 0.098173515982 0.027397260274
0.982876712329 0.000000000000 0.000000000000 0.017123287671
0.023972602740 0.136986301370 0.836757990868 0.002283105023
