MEME version 5
ALPHABET= ACGU
Background letter frequencies:A 0.25 C 0.25 G 0.25 U 0.25
MOTIF K562.U2AF1.5
letter-probability matrix: alength= 4 w= 7
0.004469987229 0.037675606641 0.008939974457 0.948914431673
0.014687100894 0.687100893997 0.032567049808 0.265644955300
0.006385696041 0.047892720307 0.000000000000 0.945721583653
0.009578544061 0.047254150702 0.024265644955 0.918901660281
0.021072796935 0.723499361430 0.022988505747 0.232439335888
0.008939974457 0.072158365262 0.003192848020 0.915708812261
0.007662835249 0.044699872286 0.011494252874 0.936143039591
MOTIF K562.U2AF1.6
letter-probability matrix: alength= 4 w= 7
0.004512126340 0.049633389735 0.003948110547 0.941906373378
0.003948110547 0.051889452905 0.007332205302 0.936830231246
0.011280315849 0.095882684715 0.018048505358 0.874788494078
0.018612521151 0.710659898477 0.042865200226 0.227862380147
0.012972363226 0.129723632262 0.000000000000 0.857304004512
0.003948110547 0.890016920474 0.015792442188 0.090242526791
0.016356457981 0.888324873096 0.003948110547 0.091370558376
MOTIF K562.U2AF1.2
letter-probability matrix: alength= 4 w= 7
0.003831417625 0.070881226054 0.007662835249 0.917624521073
0.000000000000 0.226053639847 0.005747126437 0.768199233716
0.072796934866 0.588122605364 0.072796934866 0.266283524904
0.000000000000 0.059386973180 0.003831417625 0.936781609195
0.877394636015 0.000000000000 0.036398467433 0.086206896552
0.017241379310 0.000000000000 0.967432950192 0.015325670498
0.030651340996 0.051724137931 0.877394636015 0.040229885057
MOTIF K562.U2AF1.0
letter-probability matrix: alength= 4 w= 7
0.000000000000 0.044280442804 0.000000000000 0.955719557196
0.047970479705 0.638376383764 0.088560885609 0.225092250923
0.007380073801 0.059040590406 0.003690036900 0.929889298893
0.940959409594 0.000000000000 0.007380073801 0.051660516605
0.000000000000 0.000000000000 0.992619926199 0.007380073801
0.029520295203 0.062730627306 0.859778597786 0.047970479705
0.059040590406 0.051660516605 0.088560885609 0.800738007380
MOTIF K562.U2AF1.3
letter-probability matrix: alength= 4 w= 7
0.008269344359 0.043118724158 0.008269344359 0.940342587123
0.011222681630 0.071470761961 0.039574719433 0.877731836976
0.023626698169 0.715298287064 0.022445363260 0.238629651506
0.010041346722 0.099822799764 0.000000000000 0.890135853514
0.000000000000 0.091553455405 0.015948021264 0.892498523331
0.014176018901 0.856467808624 0.022445363260 0.106910809214
0.016538688718 0.923803898405 0.000000000000 0.059657412877
MOTIF K562.U2AF1.1
letter-probability matrix: alength= 4 w= 7
0.006837606838 0.008547008547 0.000000000000 0.984615384615
0.003418803419 0.010256410256 0.003418803419 0.982905982906
0.071794871795 0.035897435897 0.032478632479 0.859829059829
0.059829059829 0.680341880342 0.058119658120 0.201709401709
0.941880341880 0.010256410256 0.001709401709 0.046153846154
0.013675213675 0.000000000000 0.958974358974 0.027350427350
0.117948717949 0.049572649573 0.740170940171 0.092307692308
MOTIF K562.U2AF1.4
letter-probability matrix: alength= 4 w= 7
0.011210762332 0.177130044843 0.008968609865 0.802690582960
0.008968609865 0.410313901345 0.000000000000 0.580717488789
0.076233183857 0.690582959641 0.044843049327 0.188340807175
0.762331838565 0.116591928251 0.024663677130 0.096412556054
0.017937219731 0.840807174888 0.056053811659 0.085201793722
0.948430493274 0.008968609865 0.004484304933 0.038116591928
0.000000000000 0.026905829596 0.941704035874 0.031390134529
