MEME version 5
ALPHABET= ACGU
Background letter frequencies:A 0.25 C 0.25 G 0.25 U 0.25
MOTIF K562.SLBP.8
letter-probability matrix: alength= 4 w= 7
0.125000000000 0.375000000000 0.000000000000 0.500000000000
0.000000000000 1.000000000000 0.000000000000 0.000000000000
0.125000000000 0.875000000000 0.000000000000 0.000000000000
1.000000000000 0.000000000000 0.000000000000 0.000000000000
0.875000000000 0.000000000000 0.000000000000 0.125000000000
1.000000000000 0.000000000000 0.000000000000 0.000000000000
0.125000000000 0.000000000000 0.875000000000 0.000000000000
MOTIF K562.SLBP.6
letter-probability matrix: alength= 4 w= 7
0.000000000000 0.000000000000 0.000000000000 1.000000000000
0.000000000000 0.000000000000 0.000000000000 1.000000000000
0.000000000000 1.000000000000 0.000000000000 0.000000000000
1.000000000000 0.000000000000 0.000000000000 0.000000000000
0.142857142857 0.142857142857 0.714285714286 0.000000000000
1.000000000000 0.000000000000 0.000000000000 0.000000000000
0.142857142857 0.000000000000 0.571428571429 0.285714285714
MOTIF K562.SLBP.9
letter-probability matrix: alength= 4 w= 7
0.000000000000 0.000000000000 0.000000000000 1.000000000000
0.000000000000 0.200000000000 0.400000000000 0.400000000000
0.000000000000 1.000000000000 0.000000000000 0.000000000000
0.000000000000 1.000000000000 0.000000000000 0.000000000000
1.000000000000 0.000000000000 0.000000000000 0.000000000000
0.000000000000 0.000000000000 0.400000000000 0.600000000000
0.000000000000 0.000000000000 0.000000000000 1.000000000000
MOTIF K562.SLBP.4
letter-probability matrix: alength= 4 w= 7
0.400000000000 0.500000000000 0.000000000000 0.100000000000
1.000000000000 0.000000000000 0.000000000000 0.000000000000
0.900000000000 0.100000000000 0.000000000000 0.000000000000
1.000000000000 0.000000000000 0.000000000000 0.000000000000
0.000000000000 0.100000000000 0.900000000000 0.000000000000
0.000000000000 0.200000000000 0.800000000000 0.000000000000
0.000000000000 1.000000000000 0.000000000000 0.000000000000
MOTIF K562.SLBP.7
letter-probability matrix: alength= 4 w= 7
0.000000000000 0.500000000000 0.500000000000 0.000000000000
0.500000000000 0.500000000000 0.000000000000 0.000000000000
0.000000000000 0.000000000000 1.000000000000 0.000000000000
0.000000000000 1.000000000000 0.000000000000 0.000000000000
0.000000000000 1.000000000000 0.000000000000 0.000000000000
1.000000000000 0.000000000000 0.000000000000 0.000000000000
0.000000000000 1.000000000000 0.000000000000 0.000000000000
MOTIF K562.SLBP.2
letter-probability matrix: alength= 4 w= 7
0.166666666667 0.000000000000 0.833333333333 0.000000000000
0.000000000000 0.166666666667 0.833333333333 0.000000000000
0.000000000000 1.000000000000 0.000000000000 0.000000000000
0.000000000000 0.000000000000 0.000000000000 1.000000000000
0.000000000000 0.833333333333 0.000000000000 0.166666666667
0.166666666667 0.000000000000 0.000000000000 0.833333333333
0.000000000000 0.000000000000 0.166666666667 0.833333333333
MOTIF K562.SLBP.3
letter-probability matrix: alength= 4 w= 7
0.000000000000 0.000000000000 0.000000000000 1.000000000000
0.000000000000 0.666666666667 0.333333333333 0.000000000000
0.833333333333 0.000000000000 0.166666666667 0.000000000000
0.166666666667 0.000000000000 0.833333333333 0.000000000000
1.000000000000 0.000000000000 0.000000000000 0.000000000000
0.000000000000 0.000000000000 1.000000000000 0.000000000000
0.000000000000 1.000000000000 0.000000000000 0.000000000000
MOTIF K562.SLBP.1
letter-probability matrix: alength= 4 w= 7
1.000000000000 0.000000000000 0.000000000000 0.000000000000
0.714285714286 0.000000000000 0.285714285714 0.000000000000
0.000000000000 0.000000000000 1.000000000000 0.000000000000
0.000000000000 0.000000000000 1.000000000000 0.000000000000
0.000000000000 1.000000000000 0.000000000000 0.000000000000
0.000000000000 0.000000000000 0.000000000000 1.000000000000
0.142857142857 0.714285714286 0.142857142857 0.000000000000
MOTIF K562.SLBP.5
letter-probability matrix: alength= 4 w= 7
1.000000000000 0.000000000000 0.000000000000 0.000000000000
0.142857142857 0.000000000000 0.571428571429 0.285714285714
0.000000000000 0.142857142857 0.857142857143 0.000000000000
0.000000000000 1.000000000000 0.000000000000 0.000000000000
0.000000000000 0.000000000000 0.000000000000 1.000000000000
0.000000000000 0.857142857143 0.142857142857 0.000000000000
0.000000000000 0.000000000000 0.000000000000 1.000000000000
MOTIF K562.SLBP.0
letter-probability matrix: alength= 4 w= 7
0.866666666667 0.000000000000 0.066666666667 0.066666666667
1.000000000000 0.000000000000 0.000000000000 0.000000000000
0.866666666667 0.000000000000 0.133333333333 0.000000000000
0.000000000000 0.133333333333 0.866666666667 0.000000000000
0.200000000000 0.000000000000 0.800000000000 0.000000000000
0.000000000000 1.000000000000 0.000000000000 0.000000000000
0.000000000000 0.133333333333 0.000000000000 0.866666666667
