MEME version 5
ALPHABET= ACGU
Background letter frequencies:A 0.25 C 0.25 G 0.25 U 0.25
MOTIF K562.IGF2BP2.0
letter-probability matrix: alength= 4 w= 7
0.010781671159 0.932614555256 0.018867924528 0.037735849057
0.768194070081 0.102425876011 0.035040431267 0.094339622642
0.021563342318 0.851752021563 0.064690026954 0.061994609164
0.021563342318 0.935309973046 0.008086253369 0.035040431267
0.814016172507 0.061994609164 0.048517520216 0.075471698113
0.043126684636 0.878706199461 0.048517520216 0.029649595687
0.032345013477 0.892183288410 0.021563342318 0.053908355795
MOTIF K562.IGF2BP2.6
letter-probability matrix: alength= 4 w= 7
0.048237476809 0.721706864564 0.031539888683 0.198515769944
0.033395176252 0.853432282004 0.016697588126 0.096474953618
0.035250463822 0.894248608534 0.018552875696 0.051948051948
0.024118738404 0.944341372913 0.014842300557 0.016697588126
0.866419294991 0.050092764378 0.020408163265 0.063079777365
0.024118738404 0.070500927644 0.866419294991 0.038961038961
0.007421150278 0.912801484230 0.040816326531 0.038961038961
MOTIF K562.IGF2BP2.3
letter-probability matrix: alength= 4 w= 7
0.016949152542 0.875706214689 0.022598870056 0.084745762712
0.019774011299 0.935028248588 0.002824858757 0.042372881356
0.850282485876 0.056497175141 0.028248587571 0.064971751412
0.022598870056 0.757062146893 0.189265536723 0.031073446328
0.019774011299 0.923728813559 0.000000000000 0.056497175141
0.810734463277 0.064971751412 0.031073446328 0.093220338983
0.022598870056 0.912429378531 0.028248587571 0.036723163842
MOTIF K562.IGF2BP2.2
letter-probability matrix: alength= 4 w= 7
0.025889967638 0.880258899676 0.025889967638 0.067961165049
0.025889967638 0.886731391586 0.016181229773 0.071197411003
0.757281553398 0.122977346278 0.016181229773 0.103559870550
0.016181229773 0.919093851133 0.048543689320 0.016181229773
0.851132686084 0.074433656958 0.022653721683 0.051779935275
0.022653721683 0.831715210356 0.061488673139 0.084142394822
0.042071197411 0.919093851133 0.006472491909 0.032362459547
MOTIF K562.IGF2BP2.1
letter-probability matrix: alength= 4 w= 7
0.008771929825 0.947368421053 0.035087719298 0.008771929825
0.026315789474 0.934210526316 0.008771929825 0.030701754386
0.127192982456 0.798245614035 0.017543859649 0.057017543860
0.052631578947 0.048245614035 0.837719298246 0.061403508772
0.000000000000 0.991228070175 0.008771929825 0.000000000000
0.017543859649 0.035087719298 0.000000000000 0.947368421053
0.592105263158 0.166666666667 0.157894736842 0.083333333333
MOTIF K562.IGF2BP2.4
letter-probability matrix: alength= 4 w= 7
0.022222222222 0.913888888889 0.023611111111 0.040277777778
0.351388888889 0.013888888889 0.005555555556 0.629166666667
0.030555555556 0.045833333333 0.862500000000 0.061111111111
0.034722222222 0.887500000000 0.034722222222 0.043055555556
0.030555555556 0.886111111111 0.012500000000 0.070833333333
0.656944444444 0.158333333333 0.059722222222 0.125000000000
0.016666666667 0.876388888889 0.061111111111 0.045833333333
MOTIF K562.IGF2BP2.8
letter-probability matrix: alength= 4 w= 7
0.058064516129 0.883870967742 0.025806451613 0.032258064516
0.012903225806 0.967741935484 0.012903225806 0.006451612903
0.864516129032 0.045161290323 0.000000000000 0.090322580645
0.019354838710 0.077419354839 0.838709677419 0.064516129032
0.038709677419 0.103225806452 0.070967741935 0.787096774194
0.032258064516 0.909677419355 0.032258064516 0.025806451613
0.774193548387 0.070967741935 0.025806451613 0.129032258065
MOTIF K562.IGF2BP2.5
letter-probability matrix: alength= 4 w= 7
0.036809815951 0.825153374233 0.042944785276 0.095092024540
0.785276073620 0.067484662577 0.009202453988 0.138036809816
0.030674846626 0.877300613497 0.046012269939 0.046012269939
0.058282208589 0.911042944785 0.000000000000 0.030674846626
0.012269938650 0.926380368098 0.024539877301 0.036809815951
0.865030674847 0.033742331288 0.015337423313 0.085889570552
0.030674846626 0.036809815951 0.883435582822 0.049079754601
MOTIF K562.IGF2BP2.7
letter-probability matrix: alength= 4 w= 7
0.000000000000 0.955696202532 0.012658227848 0.031645569620
0.031645569620 0.924050632911 0.006329113924 0.037974683544
0.886075949367 0.050632911392 0.000000000000 0.063291139241
0.012658227848 0.968354430380 0.018987341772 0.000000000000
0.126582278481 0.727848101266 0.018987341772 0.126582278481
0.063291139241 0.056962025316 0.651898734177 0.227848101266
0.018987341772 0.069620253165 0.911392405063 0.000000000000
