MEME version 5
ALPHABET= ACGU
Background letter frequencies:A 0.25 C 0.25 G 0.25 U 0.25
MOTIF K562.KHSRP.2
letter-probability matrix: alength= 4 w= 7
0.109315866084 0.036972343523 0.625473071325 0.228238719068
0.015138282387 0.010480349345 0.000000000000 0.974381368268
0.044687045124 0.018195050946 0.011499272198 0.925618631732
0.815429403202 0.015720524017 0.034788937409 0.134061135371
0.019941775837 0.007860262009 0.001892285298 0.970305676856
0.009752547307 0.000000000000 0.003056768559 0.987190684134
0.065211062591 0.023871906841 0.760553129549 0.150363901019
MOTIF K562.KHSRP.4
letter-probability matrix: alength= 4 w= 7
0.865933170334 0.014805759305 0.016164085846 0.103096984515
0.014262428688 0.000000000000 0.000000000000 0.985737571312
0.073077967943 0.025944036946 0.698179842434 0.202798152676
0.002852485738 0.000000000000 0.000000000000 0.997147514262
0.184460744363 0.050393914697 0.523227383863 0.241917957077
0.350312415105 0.001494159196 0.000000000000 0.648193425700
0.024178212442 0.000000000000 0.002988318392 0.972833469166
MOTIF K562.KHSRP.5
letter-probability matrix: alength= 4 w= 7
0.857679309050 0.009763424709 0.007885843034 0.124671423207
0.016147202403 0.002816372512 0.000000000000 0.981036425084
0.005820503192 0.000000000000 0.000000000000 0.994179496808
0.087119789711 0.056702966579 0.587870822381 0.268306421329
0.015208411566 0.000000000000 0.001689823507 0.983101764927
0.105895606459 0.035486293654 0.677619226436 0.180998873451
0.030416823132 0.004506196020 0.007698084867 0.957378895982
MOTIF K562.KHSRP.6
letter-probability matrix: alength= 4 w= 7
0.834127897419 0.009041591320 0.039289824100 0.117540687161
0.015288508959 0.002465888542 0.000000000000 0.982245602499
0.008219628473 0.000000000000 0.000000000000 0.991780371527
0.123623212231 0.029426269933 0.577346703929 0.269603813908
0.037152720697 0.016768042084 0.000000000000 0.946079237218
0.017918790071 0.000000000000 0.006411310209 0.975669899721
0.077922077922 0.027124773960 0.736478711162 0.158474436955
MOTIF K562.KHSRP.1
letter-probability matrix: alength= 4 w= 7
0.014690372156 0.000000000000 0.000000000000 0.985309627844
0.107578725328 0.037064938978 0.640801566973 0.214554768721
0.280096429110 0.006930842248 0.000979358144 0.711993370499
0.019285821907 0.000000000000 0.003013409673 0.977700768419
0.120988398373 0.044297122194 0.569007081513 0.265707397921
0.021470543920 0.011074280548 0.000000000000 0.967455175531
0.031414795841 0.005800813621 0.025689317463 0.937095073075
MOTIF K562.KHSRP.0
letter-probability matrix: alength= 4 w= 7
0.016144656119 0.007103648692 0.005812076203 0.970939618986
0.015175976752 0.000000000000 0.007587988376 0.977236034872
0.137875363255 0.051340006458 0.630125928318 0.180658701970
0.841620923474 0.036971262512 0.009686793671 0.111721020342
0.030513400065 0.004197610591 0.006619309009 0.958669680336
0.069583467872 0.032773651921 0.764126574104 0.133516306103
0.028576041330 0.018566354537 0.017920568292 0.934937035841
MOTIF K562.KHSRP.3
letter-probability matrix: alength= 4 w= 7
0.105445116681 0.025929127053 0.604148660328 0.264477095938
0.058772687986 0.775280898876 0.019878997407 0.146067415730
0.004321521175 0.000000000000 0.000000000000 0.995678478825
0.046672428695 0.013828867761 0.760587726880 0.178910976664
0.007778738116 0.001728608470 0.000000000000 0.990492653414
0.917026793431 0.003457216940 0.013828867761 0.065687121867
0.011235955056 0.000864304235 0.000000000000 0.987899740709
MOTIF K562.KHSRP.7
letter-probability matrix: alength= 4 w= 7
0.089861751152 0.021313364055 0.642857142857 0.245967741935
0.044642857143 0.000000000000 0.000000000000 0.955357142857
0.940668202765 0.006912442396 0.011808755760 0.040610599078
0.917050691244 0.014976958525 0.005760368664 0.062211981567
0.015841013825 0.001728110599 0.000000000000 0.982430875576
0.090437788018 0.020737327189 0.644297235023 0.244527649770
0.021313364055 0.008928571429 0.006336405530 0.963421658986
