MEME version 5
ALPHABET= ACGU
Background letter frequencies:A 0.25 C 0.25 G 0.25 U 0.25
MOTIF K562.GPKOW.1
letter-probability matrix: alength= 4 w= 7
0.066666666667 0.133333333333 0.800000000000 0.000000000000
0.000000000000 0.666666666667 0.133333333333 0.200000000000
0.000000000000 0.000000000000 0.000000000000 1.000000000000
0.800000000000 0.066666666667 0.133333333333 0.000000000000
0.866666666667 0.000000000000 0.000000000000 0.133333333333
0.000000000000 0.000000000000 0.066666666667 0.933333333333
0.000000000000 0.000000000000 0.933333333333 0.066666666667
MOTIF K562.GPKOW.5
letter-probability matrix: alength= 4 w= 7
0.769230769231 0.000000000000 0.038461538462 0.192307692308
0.000000000000 0.000000000000 0.000000000000 1.000000000000
0.000000000000 0.000000000000 0.000000000000 1.000000000000
0.076923076923 0.500000000000 0.115384615385 0.307692307692
0.115384615385 0.000000000000 0.807692307692 0.076923076923
1.000000000000 0.000000000000 0.000000000000 0.000000000000
0.000000000000 0.000000000000 1.000000000000 0.000000000000
MOTIF K562.GPKOW.6
letter-probability matrix: alength= 4 w= 7
0.750000000000 0.250000000000 0.000000000000 0.000000000000
0.750000000000 0.000000000000 0.250000000000 0.000000000000
0.000000000000 0.000000000000 0.250000000000 0.750000000000
0.000000000000 1.000000000000 0.000000000000 0.000000000000
0.000000000000 0.250000000000 0.750000000000 0.000000000000
0.000000000000 1.000000000000 0.000000000000 0.000000000000
0.000000000000 0.000000000000 1.000000000000 0.000000000000
MOTIF K562.GPKOW.4
letter-probability matrix: alength= 4 w= 7
0.958333333333 0.000000000000 0.041666666667 0.000000000000
0.000000000000 0.000000000000 0.875000000000 0.125000000000
0.083333333333 0.000000000000 0.916666666667 0.000000000000
0.000000000000 0.000000000000 0.000000000000 1.000000000000
1.000000000000 0.000000000000 0.000000000000 0.000000000000
0.125000000000 0.083333333333 0.083333333333 0.708333333333
0.583333333333 0.041666666667 0.250000000000 0.125000000000
MOTIF K562.GPKOW.7
letter-probability matrix: alength= 4 w= 7
0.969696969697 0.000000000000 0.000000000000 0.030303030303
0.121212121212 0.060606060606 0.818181818182 0.000000000000
0.848484848485 0.030303030303 0.090909090909 0.030303030303
0.181818181818 0.030303030303 0.030303030303 0.757575757576
0.878787878788 0.030303030303 0.060606060606 0.030303030303
0.969696969697 0.000000000000 0.000000000000 0.030303030303
0.030303030303 0.787878787879 0.151515151515 0.030303030303
MOTIF K562.GPKOW.2
letter-probability matrix: alength= 4 w= 7
0.720000000000 0.060000000000 0.220000000000 0.000000000000
0.860000000000 0.040000000000 0.080000000000 0.020000000000
0.920000000000 0.020000000000 0.020000000000 0.040000000000
0.000000000000 0.040000000000 0.940000000000 0.020000000000
0.000000000000 0.000000000000 0.940000000000 0.060000000000
0.000000000000 0.000000000000 0.040000000000 0.960000000000
0.180000000000 0.040000000000 0.740000000000 0.040000000000
MOTIF K562.GPKOW.0
letter-probability matrix: alength= 4 w= 7
0.000000000000 0.000000000000 0.013698630137 0.986301369863
0.041095890411 0.643835616438 0.068493150685 0.246575342466
0.068493150685 0.041095890411 0.027397260274 0.863013698630
0.849315068493 0.000000000000 0.068493150685 0.082191780822
0.000000000000 0.000000000000 0.958904109589 0.041095890411
0.000000000000 0.000000000000 0.958904109589 0.041095890411
0.068493150685 0.068493150685 0.054794520548 0.808219178082
MOTIF K562.GPKOW.3
letter-probability matrix: alength= 4 w= 7
0.000000000000 0.008000000000 0.002285714286 0.989714285714
0.004571428571 0.005714285714 0.000000000000 0.989714285714
0.038857142857 0.037714285714 0.040000000000 0.883428571429
0.059428571429 0.245714285714 0.181714285714 0.513142857143
0.857142857143 0.018285714286 0.012571428571 0.112000000000
0.094857142857 0.004571428571 0.860571428571 0.040000000000
0.418285714286 0.038857142857 0.464000000000 0.078857142857
