MEME version 5
ALPHABET= ACGU
Background letter frequencies:A 0.25 C 0.25 G 0.25 U 0.25
MOTIF K562.FXR1.5
letter-probability matrix: alength= 4 w= 7
0.000000000000 0.000000000000 0.000000000000 1.000000000000
0.021978021978 0.000000000000 0.000000000000 0.978021978022
0.065934065934 0.516483516484 0.076923076923 0.340659340659
0.153846153846 0.054945054945 0.692307692308 0.098901098901
0.989010989011 0.000000000000 0.000000000000 0.010989010989
0.923076923077 0.043956043956 0.021978021978 0.010989010989
0.054945054945 0.923076923077 0.000000000000 0.021978021978
MOTIF K562.FXR1.2
letter-probability matrix: alength= 4 w= 7
0.096774193548 0.645161290323 0.112903225806 0.145161290323
0.032258064516 0.064516129032 0.806451612903 0.096774193548
0.854838709677 0.048387096774 0.032258064516 0.064516129032
0.870967741935 0.032258064516 0.016129032258 0.080645161290
0.032258064516 0.000000000000 0.000000000000 0.967741935484
0.000000000000 0.000000000000 0.000000000000 1.000000000000
0.016129032258 0.016129032258 0.887096774194 0.080645161290
MOTIF K562.FXR1.4
letter-probability matrix: alength= 4 w= 7
0.786764705882 0.036764705882 0.066176470588 0.110294117647
0.014705882353 0.007352941176 0.014705882353 0.963235294118
0.000000000000 0.029411764706 0.941176470588 0.029411764706
0.816176470588 0.102941176471 0.036764705882 0.044117647059
0.044117647059 0.860294117647 0.058823529412 0.036764705882
0.014705882353 0.926470588235 0.014705882353 0.044117647059
0.058823529412 0.750000000000 0.073529411765 0.117647058824
MOTIF K562.FXR1.1
letter-probability matrix: alength= 4 w= 7
0.009433962264 0.009433962264 0.033018867925 0.948113207547
0.028301886792 0.033018867925 0.877358490566 0.061320754717
0.900943396226 0.056603773585 0.023584905660 0.018867924528
0.113207547170 0.712264150943 0.117924528302 0.056603773585
0.872641509434 0.075471698113 0.037735849057 0.014150943396
0.037735849057 0.009433962264 0.018867924528 0.933962264151
0.028301886792 0.018867924528 0.830188679245 0.122641509434
MOTIF K562.FXR1.8
letter-probability matrix: alength= 4 w= 7
0.815384615385 0.046153846154 0.030769230769 0.107692307692
0.076923076923 0.800000000000 0.092307692308 0.030769230769
0.907692307692 0.046153846154 0.015384615385 0.030769230769
0.907692307692 0.030769230769 0.030769230769 0.030769230769
0.015384615385 0.046153846154 0.892307692308 0.046153846154
0.907692307692 0.030769230769 0.061538461538 0.000000000000
0.092307692308 0.769230769231 0.000000000000 0.138461538462
MOTIF K562.FXR1.3
letter-probability matrix: alength= 4 w= 7
0.857954545455 0.028409090909 0.022727272727 0.090909090909
0.000000000000 0.000000000000 0.000000000000 1.000000000000
0.034090909091 0.017045454545 0.005681818182 0.943181818182
0.073863636364 0.494318181818 0.119318181818 0.312500000000
0.051136363636 0.096590909091 0.772727272727 0.079545454545
0.954545454545 0.000000000000 0.028409090909 0.017045454545
0.556818181818 0.011363636364 0.431818181818 0.000000000000
MOTIF K562.FXR1.7
letter-probability matrix: alength= 4 w= 7
0.115384615385 0.653846153846 0.057692307692 0.173076923077
0.057692307692 0.115384615385 0.673076923077 0.153846153846
0.923076923077 0.000000000000 0.038461538462 0.038461538462
0.000000000000 0.019230769231 0.038461538462 0.942307692308
0.000000000000 0.000000000000 0.980769230769 0.019230769231
0.038461538462 0.038461538462 0.000000000000 0.923076923077
0.000000000000 0.903846153846 0.057692307692 0.038461538462
MOTIF K562.FXR1.6
letter-probability matrix: alength= 4 w= 7
0.160000000000 0.740000000000 0.060000000000 0.040000000000
0.040000000000 0.120000000000 0.640000000000 0.200000000000
0.920000000000 0.040000000000 0.020000000000 0.020000000000
0.040000000000 0.060000000000 0.060000000000 0.840000000000
0.000000000000 0.000000000000 0.040000000000 0.960000000000
0.960000000000 0.020000000000 0.000000000000 0.020000000000
0.000000000000 0.940000000000 0.020000000000 0.040000000000
MOTIF K562.FXR1.0
letter-probability matrix: alength= 4 w= 7
0.048913043478 0.793478260870 0.059782608696 0.097826086957
0.021739130435 0.027173913043 0.010869565217 0.940217391304
0.755434782609 0.027173913043 0.043478260870 0.173913043478
0.027173913043 0.027173913043 0.021739130435 0.923913043478
0.021739130435 0.000000000000 0.923913043478 0.054347826087
0.913043478261 0.021739130435 0.021739130435 0.043478260870
0.032608695652 0.826086956522 0.081521739130 0.059782608696
