MEME version 5
ALPHABET= ACGU
Background letter frequencies:A 0.25 C 0.25 G 0.25 U 0.25
MOTIF K562.MTPAP.5
letter-probability matrix: alength= 4 w= 7
0.913043478261 0.047826086957 0.021739130435 0.017391304348
0.886956521739 0.000000000000 0.065217391304 0.047826086957
0.073913043478 0.021739130435 0.873913043478 0.030434782609
0.904347826087 0.021739130435 0.034782608696 0.039130434783
0.882608695652 0.039130434783 0.034782608696 0.043478260870
0.147826086957 0.600000000000 0.147826086957 0.104347826087
0.430434782609 0.000000000000 0.008695652174 0.560869565217
MOTIF K562.MTPAP.3
letter-probability matrix: alength= 4 w= 7
0.908256880734 0.000000000000 0.018348623853 0.073394495413
0.055045871560 0.000000000000 0.908256880734 0.036697247706
0.908256880734 0.009174311927 0.027522935780 0.055045871560
0.889908256881 0.036697247706 0.045871559633 0.027522935780
0.082568807339 0.697247706422 0.183486238532 0.036697247706
0.853211009174 0.091743119266 0.000000000000 0.055045871560
0.871559633028 0.018348623853 0.027522935780 0.082568807339
MOTIF K562.MTPAP.7
letter-probability matrix: alength= 4 w= 7
0.023622047244 0.000000000000 0.000000000000 0.976377952756
0.015748031496 0.102362204724 0.795275590551 0.086614173228
0.897637795276 0.039370078740 0.023622047244 0.039370078740
0.062992125984 0.086614173228 0.047244094488 0.803149606299
0.023622047244 0.795275590551 0.149606299213 0.031496062992
0.929133858268 0.039370078740 0.023622047244 0.007874015748
0.850393700787 0.031496062992 0.086614173228 0.031496062992
MOTIF K562.MTPAP.8
letter-probability matrix: alength= 4 w= 7
0.102040816327 0.714285714286 0.061224489796 0.122448979592
0.020408163265 0.938775510204 0.000000000000 0.040816326531
0.908163265306 0.040816326531 0.020408163265 0.030612244898
0.877551020408 0.000000000000 0.112244897959 0.010204081633
0.040816326531 0.020408163265 0.908163265306 0.030612244898
0.836734693878 0.061224489796 0.071428571429 0.030612244898
0.877551020408 0.000000000000 0.030612244898 0.091836734694
MOTIF K562.MTPAP.4
letter-probability matrix: alength= 4 w= 7
0.022988505747 0.839080459770 0.126436781609 0.011494252874
0.954022988506 0.045977011494 0.000000000000 0.000000000000
0.896551724138 0.000000000000 0.045977011494 0.057471264368
0.034482758621 0.022988505747 0.896551724138 0.045977011494
0.149425287356 0.781609195402 0.057471264368 0.011494252874
0.850574712644 0.126436781609 0.000000000000 0.022988505747
0.816091954023 0.022988505747 0.114942528736 0.045977011494
MOTIF K562.MTPAP.6
letter-probability matrix: alength= 4 w= 7
0.773584905660 0.132075471698 0.037735849057 0.056603773585
0.056603773585 0.886792452830 0.037735849057 0.018867924528
0.037735849057 0.000000000000 0.000000000000 0.962264150943
0.641509433962 0.094339622642 0.094339622642 0.169811320755
0.018867924528 0.943396226415 0.018867924528 0.018867924528
0.905660377358 0.037735849057 0.056603773585 0.000000000000
0.018867924528 0.000000000000 0.981132075472 0.000000000000
MOTIF K562.MTPAP.2
letter-probability matrix: alength= 4 w= 7
0.075000000000 0.825000000000 0.050000000000 0.050000000000
0.150000000000 0.025000000000 0.625000000000 0.200000000000
0.000000000000 0.050000000000 0.000000000000 0.950000000000
0.000000000000 0.950000000000 0.050000000000 0.000000000000
0.925000000000 0.050000000000 0.000000000000 0.025000000000
0.975000000000 0.000000000000 0.025000000000 0.000000000000
0.025000000000 0.100000000000 0.075000000000 0.800000000000
MOTIF K562.MTPAP.0
letter-probability matrix: alength= 4 w= 7
0.850000000000 0.016666666667 0.050000000000 0.083333333333
0.000000000000 0.866666666667 0.050000000000 0.083333333333
0.016666666667 0.916666666667 0.050000000000 0.016666666667
0.916666666667 0.050000000000 0.000000000000 0.033333333333
0.983333333333 0.000000000000 0.000000000000 0.016666666667
0.783333333333 0.000000000000 0.166666666667 0.050000000000
0.083333333333 0.066666666667 0.750000000000 0.100000000000
MOTIF K562.MTPAP.1
letter-probability matrix: alength= 4 w= 7
0.881355932203 0.050847457627 0.033898305085 0.033898305085
0.915254237288 0.000000000000 0.000000000000 0.084745762712
0.084745762712 0.084745762712 0.830508474576 0.000000000000
0.016949152542 0.915254237288 0.050847457627 0.016949152542
0.779661016949 0.067796610169 0.050847457627 0.101694915254
0.000000000000 0.796610169492 0.152542372881 0.050847457627
0.067796610169 0.881355932203 0.033898305085 0.016949152542
