MEME version 5
ALPHABET= ACGU
Background letter frequencies:A 0.25 C 0.25 G 0.25 U 0.25
MOTIF K562.ZRANB2.0
letter-probability matrix: alength= 4 w= 7
0.028571428571 0.000000000000 0.942857142857 0.028571428571
0.085714285714 0.000000000000 0.085714285714 0.828571428571
0.714285714286 0.057142857143 0.228571428571 0.000000000000
0.942857142857 0.000000000000 0.000000000000 0.057142857143
0.000000000000 0.000000000000 0.942857142857 0.057142857143
0.000000000000 0.028571428571 0.971428571429 0.000000000000
0.085714285714 0.000000000000 0.171428571429 0.742857142857
MOTIF K562.ZRANB2.1
letter-probability matrix: alength= 4 w= 7
0.028571428571 0.042857142857 0.828571428571 0.100000000000
0.128571428571 0.000000000000 0.014285714286 0.857142857143
0.000000000000 0.000000000000 0.985714285714 0.014285714286
0.014285714286 0.000000000000 0.942857142857 0.042857142857
0.014285714286 0.014285714286 0.142857142857 0.828571428571
0.657142857143 0.071428571429 0.200000000000 0.071428571429
0.385714285714 0.028571428571 0.585714285714 0.000000000000
MOTIF K562.ZRANB2.4
letter-probability matrix: alength= 4 w= 7
0.000000000000 0.000000000000 1.000000000000 0.000000000000
0.000000000000 0.000000000000 1.000000000000 0.000000000000
0.000000000000 0.000000000000 0.000000000000 1.000000000000
0.842105263158 0.000000000000 0.157894736842 0.000000000000
0.947368421053 0.000000000000 0.052631578947 0.000000000000
0.105263157895 0.263157894737 0.526315789474 0.105263157895
0.000000000000 0.052631578947 0.947368421053 0.000000000000
MOTIF K562.ZRANB2.2
letter-probability matrix: alength= 4 w= 7
0.018518518519 0.018518518519 0.944444444444 0.018518518519
0.037037037037 0.000000000000 0.944444444444 0.018518518519
0.111111111111 0.000000000000 0.018518518519 0.870370370370
0.000000000000 0.000000000000 0.981481481481 0.018518518519
0.037037037037 0.000000000000 0.944444444444 0.018518518519
0.000000000000 0.055555555556 0.166666666667 0.777777777778
0.592592592593 0.111111111111 0.148148148148 0.148148148148
MOTIF K562.ZRANB2.6
letter-probability matrix: alength= 4 w= 7
0.184210526316 0.710526315789 0.000000000000 0.105263157895
0.105263157895 0.000000000000 0.026315789474 0.868421052632
0.000000000000 0.000000000000 0.973684210526 0.026315789474
0.000000000000 0.026315789474 0.973684210526 0.000000000000
0.078947368421 0.000000000000 0.026315789474 0.894736842105
0.894736842105 0.052631578947 0.026315789474 0.026315789474
0.052631578947 0.131578947368 0.026315789474 0.789473684211
MOTIF K562.ZRANB2.7
letter-probability matrix: alength= 4 w= 7
1.000000000000 0.000000000000 0.000000000000 0.000000000000
0.142857142857 0.285714285714 0.071428571429 0.500000000000
0.000000000000 0.000000000000 1.000000000000 0.000000000000
0.000000000000 0.000000000000 1.000000000000 0.000000000000
0.000000000000 0.000000000000 0.000000000000 1.000000000000
0.785714285714 0.071428571429 0.071428571429 0.071428571429
0.000000000000 0.000000000000 0.000000000000 1.000000000000
MOTIF K562.ZRANB2.5
letter-probability matrix: alength= 4 w= 7
0.074626865672 0.000000000000 0.000000000000 0.925373134328
0.014925373134 0.000000000000 0.910447761194 0.074626865672
0.029850746269 0.000000000000 0.940298507463 0.029850746269
0.014925373134 0.029850746269 0.089552238806 0.865671641791
0.776119402985 0.104477611940 0.104477611940 0.014925373134
0.701492537313 0.074626865672 0.059701492537 0.164179104478
0.029850746269 0.358208955224 0.014925373134 0.597014925373
MOTIF K562.ZRANB2.3
letter-probability matrix: alength= 4 w= 7
0.142857142857 0.285714285714 0.285714285714 0.285714285714
0.000000000000 0.000000000000 0.857142857143 0.142857142857
0.000000000000 0.000000000000 1.000000000000 0.000000000000
0.000000000000 0.000000000000 0.000000000000 1.000000000000
1.000000000000 0.000000000000 0.000000000000 0.000000000000
1.000000000000 0.000000000000 0.000000000000 0.000000000000
1.000000000000 0.000000000000 0.000000000000 0.000000000000
