MEME version 5
ALPHABET= ACGU
Background letter frequencies:A 0.25 C 0.25 G 0.25 U 0.25
MOTIF K562.HNRNPK.0
letter-probability matrix: alength= 4 w= 7
0.004484304933 0.950672645740 0.000000000000 0.044843049327
0.000000000000 0.977578475336 0.000000000000 0.022421524664
0.000000000000 0.959641255605 0.000000000000 0.040358744395
0.448430493274 0.125560538117 0.040358744395 0.385650224215
0.040358744395 0.107623318386 0.040358744395 0.811659192825
0.000000000000 0.955156950673 0.000000000000 0.044843049327
0.013452914798 0.946188340807 0.000000000000 0.040358744395
MOTIF K562.HNRNPK.8
letter-probability matrix: alength= 4 w= 7
0.692307692308 0.096153846154 0.115384615385 0.096153846154
0.019230769231 0.019230769231 0.009615384615 0.951923076923
0.000000000000 0.644230769231 0.009615384615 0.346153846154
0.009615384615 0.980769230769 0.000000000000 0.009615384615
0.000000000000 0.990384615385 0.000000000000 0.009615384615
0.836538461538 0.057692307692 0.000000000000 0.105769230769
0.000000000000 0.028846153846 0.028846153846 0.942307692308
MOTIF K562.HNRNPK.6
letter-probability matrix: alength= 4 w= 7
0.364485981308 0.196261682243 0.130841121495 0.308411214953
0.009345794393 0.046728971963 0.000000000000 0.943925233645
0.000000000000 0.962616822430 0.000000000000 0.037383177570
0.000000000000 1.000000000000 0.000000000000 0.000000000000
0.009345794393 0.953271028037 0.009345794393 0.028037383178
0.037383177570 0.037383177570 0.000000000000 0.925233644860
0.009345794393 0.869158878505 0.018691588785 0.102803738318
MOTIF K562.HNRNPK.1
letter-probability matrix: alength= 4 w= 7
0.000000000000 0.981818181818 0.004545454545 0.013636363636
0.500000000000 0.390909090909 0.013636363636 0.095454545455
0.018181818182 0.859090909091 0.027272727273 0.095454545455
0.000000000000 0.068181818182 0.027272727273 0.904545454545
0.022727272727 0.063636363636 0.000000000000 0.913636363636
0.000000000000 0.950000000000 0.009090909091 0.040909090909
0.018181818182 0.968181818182 0.000000000000 0.013636363636
MOTIF K562.HNRNPK.9
letter-probability matrix: alength= 4 w= 7
0.437810945274 0.412935323383 0.049751243781 0.099502487562
0.014925373134 0.845771144279 0.024875621891 0.114427860697
0.014925373134 0.024875621891 0.019900497512 0.940298507463
0.000000000000 0.039800995025 0.019900497512 0.940298507463
0.000000000000 0.945273631841 0.014925373134 0.039800995025
0.000000000000 0.995024875622 0.000000000000 0.004975124378
0.014925373134 0.945273631841 0.000000000000 0.039800995025
MOTIF K562.HNRNPK.3
letter-probability matrix: alength= 4 w= 7
0.716216216216 0.121621621622 0.031531531532 0.130630630631
0.009009009009 0.018018018018 0.022522522523 0.950450450450
0.000000000000 0.022522522523 0.873873873874 0.103603603604
0.000000000000 0.018018018018 0.004504504505 0.977477477477
0.000000000000 1.000000000000 0.000000000000 0.000000000000
0.346846846847 0.648648648649 0.000000000000 0.004504504505
0.009009009009 0.963963963964 0.000000000000 0.027027027027
MOTIF K562.HNRNPK.4
letter-probability matrix: alength= 4 w= 7
0.000000000000 0.937007874016 0.015748031496 0.047244094488
0.015748031496 0.929133858268 0.007874015748 0.047244094488
0.015748031496 0.929133858268 0.015748031496 0.039370078740
0.700787401575 0.070866141732 0.007874015748 0.220472440945
0.015748031496 0.102362204724 0.803149606299 0.078740157480
0.031496062992 0.070866141732 0.039370078740 0.858267716535
0.007874015748 0.944881889764 0.000000000000 0.047244094488
MOTIF K562.HNRNPK.2
letter-probability matrix: alength= 4 w= 7
0.005917159763 0.970414201183 0.005917159763 0.017751479290
0.473372781065 0.230769230769 0.053254437870 0.242603550296
0.023668639053 0.112426035503 0.023668639053 0.840236686391
0.000000000000 0.964497041420 0.000000000000 0.035502958580
0.005917159763 0.976331360947 0.000000000000 0.017751479290
0.000000000000 0.964497041420 0.011834319527 0.023668639053
0.041420118343 0.082840236686 0.011834319527 0.863905325444
MOTIF K562.HNRNPK.5
letter-probability matrix: alength= 4 w= 7
0.000000000000 0.063414634146 0.009756097561 0.926829268293
0.000000000000 0.926829268293 0.009756097561 0.063414634146
0.014634146341 0.970731707317 0.000000000000 0.014634146341
0.000000000000 0.990243902439 0.000000000000 0.009756097561
0.658536585366 0.082926829268 0.039024390244 0.219512195122
0.048780487805 0.117073170732 0.107317073171 0.726829268293
0.014634146341 0.863414634146 0.048780487805 0.073170731707
MOTIF K562.HNRNPK.7
letter-probability matrix: alength= 4 w= 7
0.584158415842 0.099009900990 0.029702970297 0.287128712871
0.029702970297 0.089108910891 0.841584158416 0.039603960396
0.000000000000 0.039603960396 0.009900990099 0.950495049505
0.000000000000 0.930693069307 0.009900990099 0.059405940594
0.029702970297 0.960396039604 0.000000000000 0.009900990099
0.039603960396 0.920792079208 0.000000000000 0.039603960396
0.059405940594 0.900990099010 0.009900990099 0.029702970297
