MEME version 5
ALPHABET= ACGU
Background letter frequencies:A 0.25 C 0.25 G 0.25 U 0.25
MOTIF K562.BUD13.8
letter-probability matrix: alength= 4 w= 7
0.766666666667 0.095238095238 0.023809523810 0.114285714286
0.000000000000 0.000000000000 0.000000000000 1.000000000000
0.019047619048 0.028571428571 0.000000000000 0.952380952381
0.033333333333 0.700000000000 0.104761904762 0.161904761905
0.085714285714 0.076190476190 0.690476190476 0.147619047619
0.971428571429 0.000000000000 0.028571428571 0.000000000000
0.028571428571 0.004761904762 0.966666666667 0.000000000000
MOTIF K562.BUD13.0
letter-probability matrix: alength= 4 w= 7
0.021749637506 0.035282745288 0.020299661672 0.922667955534
0.009666505558 0.027549540841 0.025616239729 0.937167713871
0.045432576124 0.070082165297 0.072015466409 0.812469792170
0.059449009183 0.760753987434 0.050749154181 0.129047849203
0.943450942484 0.003866602223 0.002899951667 0.049782503625
0.043982600290 0.005316578057 0.925084581924 0.025616239729
0.104881585307 0.043982600290 0.790236829386 0.060898985017
MOTIF K562.BUD13.4
letter-probability matrix: alength= 4 w= 7
0.034339229969 0.301768990635 0.611862643080 0.052029136316
0.872008324662 0.039542143600 0.060353798127 0.028095733611
0.898022892820 0.000000000000 0.058272632674 0.043704474506
0.049947970864 0.029136316337 0.894901144641 0.026014568158
0.847034339230 0.028095733611 0.049947970864 0.074921956296
0.901144640999 0.027055150884 0.035379812695 0.036420395421
0.766909469303 0.034339229969 0.117585848075 0.081165452653
MOTIF K562.BUD13.5
letter-probability matrix: alength= 4 w= 7
0.005347593583 0.020979020979 0.009872480461 0.963800904977
0.009461127108 0.044014808721 0.021801727684 0.924722336487
0.007815713698 0.000000000000 0.023035787742 0.969148498560
0.089263677499 0.101604278075 0.630604689428 0.178527354998
0.064993829700 0.772521596051 0.055121349239 0.107363225010
0.930892636775 0.010695187166 0.006170300288 0.052241875771
0.025092554504 0.015220074044 0.924310983135 0.035376388318
MOTIF K562.BUD13.1
letter-probability matrix: alength= 4 w= 7
0.014492753623 0.010869565217 0.000000000000 0.974637681159
0.000000000000 0.007246376812 0.000000000000 0.992753623188
0.097826086957 0.503623188406 0.134057971014 0.264492753623
0.130434782609 0.090579710145 0.681159420290 0.097826086957
0.985507246377 0.000000000000 0.000000000000 0.014492753623
0.945652173913 0.014492753623 0.028985507246 0.010869565217
0.039855072464 0.927536231884 0.021739130435 0.010869565217
MOTIF K562.BUD13.6
letter-probability matrix: alength= 4 w= 7
0.005054151625 0.033212996390 0.008664259928 0.953068592058
0.008664259928 0.000000000000 0.012996389892 0.978339350181
0.073646209386 0.071480144404 0.698194945848 0.156678700361
0.072924187726 0.750902527076 0.064259927798 0.111913357401
0.959566787004 0.000000000000 0.002166064982 0.038267148014
0.024548736462 0.009386281588 0.953068592058 0.012996389892
0.796389891697 0.046209386282 0.107581227437 0.049819494585
MOTIF K562.BUD13.3
letter-probability matrix: alength= 4 w= 7
0.144208037825 0.748226950355 0.082742316785 0.024822695035
0.952718676123 0.007683215130 0.013002364066 0.026595744681
0.026004728132 0.004137115839 0.958037825059 0.011820330969
0.015366430260 0.007683215130 0.969858156028 0.007092198582
0.009456264775 0.020685579196 0.013593380615 0.956264775414
0.755910165485 0.039598108747 0.192671394799 0.011820330969
0.800827423168 0.074468085106 0.072695035461 0.052009456265
MOTIF K562.BUD13.2
letter-probability matrix: alength= 4 w= 7
0.956410256410 0.005128205128 0.017948717949 0.020512820513
0.016239316239 0.000000000000 0.956410256410 0.027350427350
0.008547008547 0.006837606838 0.969230769231 0.015384615385
0.011965811966 0.012820512821 0.022222222222 0.952991452991
0.890598290598 0.019658119658 0.046153846154 0.043589743590
0.318803418803 0.069230769231 0.170085470085 0.441880341880
0.011111111111 0.023076923077 0.929059829060 0.036752136752
MOTIF K562.BUD13.7
letter-probability matrix: alength= 4 w= 7
0.015023474178 0.005633802817 0.951173708920 0.028169014085
0.020657276995 0.019718309859 0.023474178404 0.936150234742
0.793427230047 0.018779342723 0.175586854460 0.012206572770
0.936150234742 0.016901408451 0.025352112676 0.021596244131
0.020657276995 0.012206572770 0.947417840376 0.019718309859
0.049765258216 0.045070422535 0.072300469484 0.832863849765
0.692018779343 0.076056338028 0.168075117371 0.063849765258
