MEME version 5
ALPHABET= ACGU
Background letter frequencies:A 0.25 C 0.25 G 0.25 U 0.25
MOTIF K562.SRSF7.9
letter-probability matrix: alength= 4 w= 7
0.035502958580 0.100591715976 0.840236686391 0.023668639053
0.970414201183 0.005917159763 0.005917159763 0.017751479290
0.053254437870 0.195266272189 0.733727810651 0.017751479290
0.923076923077 0.047337278107 0.005917159763 0.023668639053
0.071005917160 0.088757396450 0.023668639053 0.816568047337
0.000000000000 0.917159763314 0.023668639053 0.059171597633
0.047337278107 0.047337278107 0.035502958580 0.869822485207
MOTIF K562.SRSF7.3
letter-probability matrix: alength= 4 w= 7
0.785714285714 0.107142857143 0.080357142857 0.026785714286
0.946428571429 0.008928571429 0.035714285714 0.008928571429
0.053571428571 0.008928571429 0.937500000000 0.000000000000
0.857142857143 0.026785714286 0.071428571429 0.044642857143
0.892857142857 0.071428571429 0.017857142857 0.017857142857
0.107142857143 0.723214285714 0.142857142857 0.026785714286
0.892857142857 0.000000000000 0.026785714286 0.080357142857
MOTIF K562.SRSF7.0
letter-probability matrix: alength= 4 w= 7
0.088825214900 0.045845272206 0.848137535817 0.017191977077
0.799426934097 0.042979942693 0.114613180516 0.042979942693
0.719197707736 0.065902578797 0.080229226361 0.134670487106
0.000000000000 0.962750716332 0.008595988539 0.028653295129
0.077363896848 0.000000000000 0.097421203438 0.825214899713
0.005730659026 0.000000000000 0.000000000000 0.994269340974
0.000000000000 0.988538681948 0.011461318052 0.000000000000
MOTIF K562.SRSF7.6
letter-probability matrix: alength= 4 w= 7
0.713286713287 0.101398601399 0.062937062937 0.122377622378
0.006993006993 0.986013986014 0.000000000000 0.006993006993
0.115384615385 0.000000000000 0.052447552448 0.832167832168
0.003496503497 0.000000000000 0.000000000000 0.996503496503
0.000000000000 0.968531468531 0.006993006993 0.024475524476
0.111888111888 0.066433566434 0.748251748252 0.073426573427
0.884615384615 0.027972027972 0.062937062937 0.024475524476
MOTIF K562.SRSF7.5
letter-probability matrix: alength= 4 w= 7
0.064220183486 0.027522935780 0.880733944954 0.027522935780
0.935779816514 0.018348623853 0.045871559633 0.000000000000
0.908256880734 0.018348623853 0.045871559633 0.027522935780
0.027522935780 0.009174311927 0.944954128440 0.018348623853
0.908256880734 0.027522935780 0.045871559633 0.018348623853
0.862385321101 0.036697247706 0.045871559633 0.055045871560
0.669724770642 0.073394495413 0.174311926606 0.082568807339
MOTIF K562.SRSF7.8
letter-probability matrix: alength= 4 w= 7
0.876923076923 0.030769230769 0.015384615385 0.076923076923
0.000000000000 0.000000000000 1.000000000000 0.000000000000
0.953846153846 0.000000000000 0.046153846154 0.000000000000
0.892307692308 0.000000000000 0.076923076923 0.030769230769
0.938461538462 0.000000000000 0.061538461538 0.000000000000
0.092307692308 0.769230769231 0.092307692308 0.046153846154
0.046153846154 0.123076923077 0.600000000000 0.230769230769
MOTIF K562.SRSF7.1
letter-probability matrix: alength= 4 w= 7
0.793388429752 0.049586776860 0.066115702479 0.090909090909
0.057851239669 0.049586776860 0.892561983471 0.000000000000
0.909090909091 0.016528925620 0.024793388430 0.049586776860
0.123966942149 0.057851239669 0.785123966942 0.033057851240
0.966942148760 0.008264462810 0.016528925620 0.008264462810
0.107438016529 0.842975206612 0.016528925620 0.033057851240
0.041322314050 0.066115702479 0.041322314050 0.851239669421
MOTIF K562.SRSF7.7
letter-probability matrix: alength= 4 w= 7
0.904761904762 0.047619047619 0.035714285714 0.011904761905
0.648809523810 0.005952380952 0.154761904762 0.190476190476
0.053571428571 0.011904761905 0.922619047619 0.011904761905
0.922619047619 0.000000000000 0.053571428571 0.023809523810
0.095238095238 0.000000000000 0.047619047619 0.857142857143
0.000000000000 0.011904761905 0.988095238095 0.000000000000
0.880952380952 0.041666666667 0.047619047619 0.029761904762
MOTIF K562.SRSF7.4
letter-probability matrix: alength= 4 w= 7
0.940677966102 0.016949152542 0.016949152542 0.025423728814
0.008474576271 0.127118644068 0.855932203390 0.008474576271
0.966101694915 0.025423728814 0.000000000000 0.008474576271
0.135593220339 0.042372881356 0.025423728814 0.796610169492
0.000000000000 0.932203389831 0.033898305085 0.033898305085
0.118644067797 0.050847457627 0.576271186441 0.254237288136
0.000000000000 0.008474576271 0.000000000000 0.991525423729
MOTIF K562.SRSF7.2
letter-probability matrix: alength= 4 w= 7
0.000000000000 1.000000000000 0.000000000000 0.000000000000
0.723127035831 0.006514657980 0.091205211726 0.179153094463
0.003257328990 0.016286644951 0.009771986971 0.970684039088
0.006514657980 0.947882736156 0.022801302932 0.022801302932
0.029315960912 0.110749185668 0.840390879479 0.019543973941
0.856677524430 0.016286644951 0.026058631922 0.100977198697
0.042345276873 0.117263843648 0.771986970684 0.068403908795
