MEME version 5
ALPHABET= ACGU
Background letter frequencies:A 0.25 C 0.25 G 0.25 U 0.25
MOTIF K562.RBFOX2.0
letter-probability matrix: alength= 4 w= 7
0.129985534201 0.057863194875 0.026245091961 0.785906178963
0.000000000000 0.000000000000 0.992973754908 0.007026245092
0.046497210167 0.917751601571 0.008059516429 0.027691671833
0.951642901426 0.015705724323 0.013019218847 0.019632155404
0.000000000000 0.008679479231 0.000000000000 0.991320520769
0.000000000000 0.007026245092 0.978714610457 0.014259144451
0.150650960942 0.403802438520 0.054350072329 0.391196528208
MOTIF K562.RBFOX2.2
letter-probability matrix: alength= 4 w= 7
0.292053471964 0.227998514668 0.201076865949 0.278871147419
0.129409580394 0.054771630152 0.023393984404 0.792424805050
0.000000000000 0.000000000000 1.000000000000 0.000000000000
0.046787968808 0.921091719272 0.005384329744 0.026735982176
0.912922391385 0.040846639436 0.015224656517 0.031006312662
0.000000000000 0.008354994430 0.019494987003 0.972150018567
0.006312662458 0.013924990717 0.958039361307 0.021722985518
MOTIF K562.RBFOX2.1
letter-probability matrix: alength= 4 w= 7
0.000000000000 0.004509018036 0.992234468938 0.003256513026
0.017284569138 0.973697394790 0.000000000000 0.009018036072
0.980210420842 0.006262525050 0.000000000000 0.013527054108
0.000000000000 0.000000000000 0.000000000000 1.000000000000
0.000000000000 0.000000000000 0.985721442886 0.014278557114
0.093436873747 0.483216432866 0.035821643287 0.387525050100
0.256763527054 0.161322645291 0.165330661323 0.416583166333
