MEME version 5
ALPHABET= ACGU
Background letter frequencies:A 0.25 C 0.25 G 0.25 U 0.25
MOTIF K562.SMNDC1.1
letter-probability matrix: alength= 4 w= 7
0.025641025641 0.046153846154 0.005128205128 0.923076923077
0.646153846154 0.041025641026 0.046153846154 0.266666666667
0.000000000000 0.323076923077 0.010256410256 0.666666666667
0.030769230769 0.000000000000 0.015384615385 0.953846153846
0.092307692308 0.041025641026 0.743589743590 0.123076923077
0.928205128205 0.020512820513 0.015384615385 0.035897435897
0.051282051282 0.851282051282 0.051282051282 0.046153846154
MOTIF K562.SMNDC1.0
letter-probability matrix: alength= 4 w= 7
0.490867579909 0.050228310502 0.043378995434 0.415525114155
0.054794520548 0.600456621005 0.073059360731 0.271689497717
0.006849315068 0.000000000000 0.000000000000 0.993150684932
0.118721461187 0.045662100457 0.787671232877 0.047945205479
0.812785388128 0.068493150685 0.054794520548 0.063926940639
0.061643835616 0.755707762557 0.075342465753 0.107305936073
0.260273972603 0.027397260274 0.000000000000 0.712328767123
MOTIF K562.SMNDC1.3
letter-probability matrix: alength= 4 w= 7
0.025423728814 0.881355932203 0.016949152542 0.076271186441
0.033898305085 0.000000000000 0.000000000000 0.966101694915
0.025423728814 0.000000000000 0.932203389831 0.042372881356
0.771186440678 0.093220338983 0.076271186441 0.059322033898
0.025423728814 0.813559322034 0.050847457627 0.110169491525
0.864406779661 0.067796610169 0.000000000000 0.067796610169
0.000000000000 0.855932203390 0.059322033898 0.084745762712
MOTIF K562.SMNDC1.4
letter-probability matrix: alength= 4 w= 7
0.026315789474 0.807017543860 0.052631578947 0.114035087719
0.008771929825 0.008771929825 0.000000000000 0.982456140351
0.807017543860 0.035087719298 0.087719298246 0.070175438596
0.947368421053 0.017543859649 0.008771929825 0.026315789474
0.078947368421 0.789473684211 0.070175438596 0.061403508772
0.859649122807 0.070175438596 0.000000000000 0.070175438596
0.043859649123 0.026315789474 0.035087719298 0.894736842105
MOTIF K562.SMNDC1.2
letter-probability matrix: alength= 4 w= 7
0.021276595745 0.014184397163 0.042553191489 0.921985815603
0.028368794326 0.751773049645 0.085106382979 0.134751773050
0.035460992908 0.049645390071 0.000000000000 0.914893617021
0.773049645390 0.021276595745 0.127659574468 0.078014184397
0.056737588652 0.014184397163 0.886524822695 0.042553191489
0.021276595745 0.021276595745 0.914893617021 0.042553191489
0.042553191489 0.021276595745 0.063829787234 0.872340425532
