MEME version 5
ALPHABET= ACGU
Background letter frequencies:A 0.25 C 0.25 G 0.25 U 0.25
MOTIF K562.FMR1.7
letter-probability matrix: alength= 4 w= 7
0.041322314050 0.000000000000 0.016528925620 0.942148760331
0.016528925620 0.024793388430 0.900826446281 0.057851239669
0.033057851240 0.834710743802 0.082644628099 0.049586776860
0.834710743802 0.049586776860 0.066115702479 0.049586776860
0.024793388430 0.876033057851 0.082644628099 0.016528925620
0.049586776860 0.834710743802 0.049586776860 0.066115702479
0.066115702479 0.074380165289 0.834710743802 0.024793388430
MOTIF K562.FMR1.3
letter-probability matrix: alength= 4 w= 7
0.918918918919 0.027027027027 0.018018018018 0.036036036036
0.009009009009 0.009009009009 0.018018018018 0.963963963964
0.000000000000 0.027027027027 0.972972972973 0.000000000000
0.918918918919 0.054054054054 0.027027027027 0.000000000000
0.108108108108 0.666666666667 0.153153153153 0.072072072072
0.036036036036 0.153153153153 0.756756756757 0.054054054054
0.081081081081 0.810810810811 0.099099099099 0.009009009009
MOTIF K562.FMR1.8
letter-probability matrix: alength= 4 w= 7
0.029126213592 0.029126213592 0.864077669903 0.077669902913
0.796116504854 0.116504854369 0.048543689320 0.038834951456
0.097087378641 0.689320388350 0.058252427184 0.155339805825
0.009708737864 0.077669902913 0.854368932039 0.058252427184
0.029126213592 0.941747572816 0.029126213592 0.000000000000
0.000000000000 0.970873786408 0.019417475728 0.009708737864
0.029126213592 0.912621359223 0.029126213592 0.029126213592
MOTIF K562.FMR1.1
letter-probability matrix: alength= 4 w= 7
0.885245901639 0.016393442623 0.032786885246 0.065573770492
0.040983606557 0.918032786885 0.040983606557 0.000000000000
0.049180327869 0.926229508197 0.016393442623 0.008196721311
0.016393442623 0.016393442623 0.000000000000 0.967213114754
0.049180327869 0.024590163934 0.918032786885 0.008196721311
0.073770491803 0.647540983607 0.098360655738 0.180327868852
0.057377049180 0.057377049180 0.786885245902 0.098360655738
MOTIF K562.FMR1.4
letter-probability matrix: alength= 4 w= 7
0.071729957806 0.042194092827 0.063291139241 0.822784810127
0.016877637131 0.059071729958 0.898734177215 0.025316455696
0.016877637131 0.919831223629 0.042194092827 0.021097046414
0.071729957806 0.801687763713 0.029535864979 0.097046413502
0.067510548523 0.075949367089 0.772151898734 0.084388185654
0.016877637131 0.907172995781 0.037974683544 0.037974683544
0.021097046414 0.940928270042 0.016877637131 0.021097046414
MOTIF K562.FMR1.0
letter-probability matrix: alength= 4 w= 7
0.045454545455 0.000000000000 0.909090909091 0.045454545455
0.015151515152 0.015151515152 0.954545454545 0.015151515152
0.166666666667 0.712121212121 0.060606060606 0.060606060606
0.045454545455 0.045454545455 0.848484848485 0.060606060606
0.000000000000 0.030303030303 0.045454545455 0.924242424242
0.727272727273 0.106060606061 0.075757575758 0.090909090909
0.000000000000 0.015151515152 0.000000000000 0.984848484848
MOTIF K562.FMR1.6
letter-probability matrix: alength= 4 w= 7
0.024691358025 0.913580246914 0.037037037037 0.024691358025
0.061728395062 0.802469135802 0.024691358025 0.111111111111
0.111111111111 0.000000000000 0.814814814815 0.074074074074
0.086419753086 0.086419753086 0.827160493827 0.000000000000
0.024691358025 0.925925925926 0.037037037037 0.012345679012
0.901234567901 0.049382716049 0.037037037037 0.012345679012
0.012345679012 0.061728395062 0.074074074074 0.851851851852
MOTIF K562.FMR1.5
letter-probability matrix: alength= 4 w= 7
0.010638297872 0.968085106383 0.000000000000 0.021276595745
0.095744680851 0.755319148936 0.063829787234 0.085106382979
0.053191489362 0.106382978723 0.765957446809 0.074468085106
0.031914893617 0.925531914894 0.010638297872 0.031914893617
0.872340425532 0.042553191489 0.042553191489 0.042553191489
0.053191489362 0.000000000000 0.085106382979 0.861702127660
0.000000000000 0.053191489362 0.904255319149 0.042553191489
MOTIF K562.FMR1.2
letter-probability matrix: alength= 4 w= 7
0.020408163265 0.846938775510 0.056122448980 0.076530612245
0.015306122449 0.515306122449 0.010204081633 0.459183673469
0.857142857143 0.051020408163 0.056122448980 0.035714285714
0.015306122449 0.938775510204 0.015306122449 0.030612244898
0.147959183673 0.750000000000 0.030612244898 0.071428571429
0.091836734694 0.035714285714 0.770408163265 0.102040816327
0.025510204082 0.066326530612 0.908163265306 0.000000000000
