MEME version 5
ALPHABET= ACGU
Background letter frequencies:A 0.25 C 0.25 G 0.25 U 0.25
MOTIF K562.LARP4.1
letter-probability matrix: alength= 4 w= 7
0.000000000000 1.000000000000 0.000000000000 0.000000000000
0.000000000000 0.000000000000 0.000000000000 1.000000000000
1.000000000000 0.000000000000 0.000000000000 0.000000000000
0.777777777778 0.111111111111 0.111111111111 0.000000000000
0.111111111111 0.555555555556 0.111111111111 0.222222222222
0.222222222222 0.111111111111 0.666666666667 0.000000000000
1.000000000000 0.000000000000 0.000000000000 0.000000000000
MOTIF K562.LARP4.0
letter-probability matrix: alength= 4 w= 7
0.000000000000 0.000000000000 0.888888888889 0.111111111111
0.000000000000 0.055555555556 0.000000000000 0.944444444444
0.722222222222 0.222222222222 0.055555555556 0.000000000000
0.000000000000 1.000000000000 0.000000000000 0.000000000000
0.944444444444 0.000000000000 0.055555555556 0.000000000000
0.111111111111 0.722222222222 0.055555555556 0.111111111111
0.111111111111 0.055555555556 0.777777777778 0.055555555556
MOTIF K562.LARP4.2
letter-probability matrix: alength= 4 w= 7
0.041666666667 0.000000000000 0.083333333333 0.875000000000
0.875000000000 0.000000000000 0.000000000000 0.125000000000
1.000000000000 0.000000000000 0.000000000000 0.000000000000
0.875000000000 0.041666666667 0.083333333333 0.000000000000
0.041666666667 0.958333333333 0.000000000000 0.000000000000
0.125000000000 0.708333333333 0.041666666667 0.125000000000
0.166666666667 0.000000000000 0.708333333333 0.125000000000
MOTIF K562.LARP4.3
letter-probability matrix: alength= 4 w= 7
0.222222222222 0.666666666667 0.000000000000 0.111111111111
0.111111111111 0.055555555556 0.722222222222 0.111111111111
0.000000000000 1.000000000000 0.000000000000 0.000000000000
1.000000000000 0.000000000000 0.000000000000 0.000000000000
0.055555555556 0.000000000000 0.000000000000 0.944444444444
0.777777777778 0.055555555556 0.111111111111 0.055555555556
0.000000000000 0.055555555556 0.055555555556 0.888888888889
