MEME version 5
ALPHABET= ACGU
Background letter frequencies:A 0.25 C 0.25 G 0.25 U 0.25
MOTIF K562.NPM1.9
letter-probability matrix: alength= 4 w= 7
0.000000000000 0.888888888889 0.111111111111 0.000000000000
0.222222222222 0.000000000000 0.666666666667 0.111111111111
0.000000000000 0.000000000000 0.000000000000 1.000000000000
0.888888888889 0.000000000000 0.000000000000 0.111111111111
0.000000000000 0.000000000000 1.000000000000 0.000000000000
0.222222222222 0.000000000000 0.000000000000 0.777777777778
0.777777777778 0.000000000000 0.111111111111 0.111111111111
MOTIF K562.NPM1.0
letter-probability matrix: alength= 4 w= 7
0.937500000000 0.000000000000 0.062500000000 0.000000000000
0.500000000000 0.468750000000 0.000000000000 0.031250000000
0.968750000000 0.031250000000 0.000000000000 0.000000000000
0.000000000000 0.906250000000 0.000000000000 0.093750000000
0.000000000000 0.000000000000 0.031250000000 0.968750000000
0.031250000000 0.031250000000 0.093750000000 0.843750000000
0.000000000000 0.000000000000 1.000000000000 0.000000000000
MOTIF K562.NPM1.4
letter-probability matrix: alength= 4 w= 7
0.727272727273 0.227272727273 0.000000000000 0.045454545455
0.045454545455 0.772727272727 0.136363636364 0.045454545455
0.000000000000 0.000000000000 0.000000000000 1.000000000000
0.000000000000 0.818181818182 0.136363636364 0.045454545455
0.045454545455 0.954545454545 0.000000000000 0.000000000000
0.000000000000 0.954545454545 0.000000000000 0.045454545455
0.909090909091 0.000000000000 0.045454545455 0.045454545455
MOTIF K562.NPM1.5
letter-probability matrix: alength= 4 w= 7
0.041666666667 0.062500000000 0.812500000000 0.083333333333
0.083333333333 0.833333333333 0.041666666667 0.041666666667
0.000000000000 0.000000000000 0.000000000000 1.000000000000
0.062500000000 0.000000000000 0.041666666667 0.895833333333
0.937500000000 0.000000000000 0.062500000000 0.000000000000
0.041666666667 0.000000000000 0.916666666667 0.041666666667
0.916666666667 0.000000000000 0.041666666667 0.041666666667
MOTIF K562.NPM1.2
letter-probability matrix: alength= 4 w= 7
0.105263157895 0.052631578947 0.701754385965 0.140350877193
0.017543859649 0.877192982456 0.052631578947 0.052631578947
0.017543859649 0.982456140351 0.000000000000 0.000000000000
0.982456140351 0.000000000000 0.000000000000 0.017543859649
0.017543859649 0.070175438596 0.894736842105 0.017543859649
0.912280701754 0.035087719298 0.017543859649 0.035087719298
0.052631578947 0.035087719298 0.052631578947 0.859649122807
MOTIF K562.NPM1.6
letter-probability matrix: alength= 4 w= 7
0.000000000000 0.956521739130 0.000000000000 0.043478260870
0.000000000000 0.043478260870 0.000000000000 0.956521739130
0.043478260870 0.869565217391 0.086956521739 0.000000000000
0.000000000000 0.000000000000 0.043478260870 0.956521739130
0.000000000000 0.000000000000 0.913043478261 0.086956521739
0.608695652174 0.043478260870 0.173913043478 0.173913043478
0.086956521739 0.043478260870 0.826086956522 0.043478260870
MOTIF K562.NPM1.1
letter-probability matrix: alength= 4 w= 7
0.094339622642 0.773584905660 0.056603773585 0.075471698113
0.037735849057 0.018867924528 0.000000000000 0.943396226415
0.037735849057 0.000000000000 0.075471698113 0.886792452830
0.943396226415 0.000000000000 0.018867924528 0.037735849057
0.037735849057 0.037735849057 0.886792452830 0.037735849057
0.867924528302 0.037735849057 0.018867924528 0.075471698113
0.037735849057 0.000000000000 0.000000000000 0.962264150943
MOTIF K562.NPM1.3
letter-probability matrix: alength= 4 w= 7
0.000000000000 0.000000000000 0.052631578947 0.947368421053
0.000000000000 0.736842105263 0.000000000000 0.263157894737
0.000000000000 0.000000000000 0.000000000000 1.000000000000
0.000000000000 0.000000000000 0.894736842105 0.105263157895
0.842105263158 0.000000000000 0.052631578947 0.105263157895
0.263157894737 0.684210526316 0.052631578947 0.000000000000
0.894736842105 0.105263157895 0.000000000000 0.000000000000
MOTIF K562.NPM1.8
letter-probability matrix: alength= 4 w= 7
0.909090909091 0.090909090909 0.000000000000 0.000000000000
0.000000000000 1.000000000000 0.000000000000 0.000000000000
0.000000000000 0.090909090909 0.000000000000 0.909090909091
0.090909090909 0.090909090909 0.727272727273 0.090909090909
0.909090909091 0.000000000000 0.000000000000 0.090909090909
0.272727272727 0.636363636364 0.090909090909 0.000000000000
0.000000000000 0.000000000000 0.000000000000 1.000000000000
MOTIF K562.NPM1.7
letter-probability matrix: alength= 4 w= 7
0.100000000000 0.033333333333 0.066666666667 0.800000000000
0.000000000000 0.000000000000 0.033333333333 0.966666666667
0.000000000000 0.033333333333 0.800000000000 0.166666666667
0.033333333333 0.933333333333 0.033333333333 0.000000000000
0.833333333333 0.066666666667 0.033333333333 0.066666666667
0.033333333333 0.833333333333 0.100000000000 0.033333333333
0.866666666667 0.033333333333 0.000000000000 0.100000000000
