MEME version 5
ALPHABET= ACGU
Background letter frequencies:A 0.25 C 0.25 G 0.25 U 0.25
MOTIF K562.METAP2.0
letter-probability matrix: alength= 4 w= 7
0.090370370370 0.054814814815 0.742222222222 0.112592592593
0.035555555556 0.025185185185 0.016296296296 0.922962962963
0.002962962963 0.878518518519 0.091851851852 0.026666666667
0.976296296296 0.007407407407 0.000000000000 0.016296296296
0.291851851852 0.075555555556 0.016296296296 0.616296296296
0.000000000000 0.980740740741 0.013333333333 0.005925925926
0.739259259259 0.090370370370 0.080000000000 0.090370370370
MOTIF K562.METAP2.6
letter-probability matrix: alength= 4 w= 7
0.014778325123 0.916256157635 0.039408866995 0.029556650246
0.751231527094 0.039408866995 0.088669950739 0.120689655172
0.017241379310 0.032019704433 0.000000000000 0.950738916256
0.000000000000 0.960591133005 0.027093596059 0.012315270936
0.923645320197 0.012315270936 0.034482758621 0.029556650246
0.096059113300 0.667487684729 0.066502463054 0.169950738916
0.017241379310 0.931034482759 0.022167487685 0.029556650246
MOTIF K562.METAP2.4
letter-probability matrix: alength= 4 w= 7
0.082627118644 0.718220338983 0.076271186441 0.122881355932
0.146186440678 0.046610169492 0.646186440678 0.161016949153
0.016949152542 0.014830508475 0.012711864407 0.955508474576
0.000000000000 0.959745762712 0.031779661017 0.008474576271
0.985169491525 0.004237288136 0.000000000000 0.010593220339
0.063559322034 0.076271186441 0.016949152542 0.843220338983
0.004237288136 0.980932203390 0.008474576271 0.006355932203
MOTIF K562.METAP2.2
letter-probability matrix: alength= 4 w= 7
0.007425742574 0.933168316832 0.039603960396 0.019801980198
0.920792079208 0.029702970297 0.019801980198 0.029702970297
0.636138613861 0.064356435644 0.032178217822 0.267326732673
0.009900990099 0.933168316832 0.014851485149 0.042079207921
0.849009900990 0.032178217822 0.027227722772 0.091584158416
0.378712871287 0.017326732673 0.037128712871 0.566831683168
0.029702970297 0.824257425743 0.113861386139 0.032178217822
MOTIF K562.METAP2.5
letter-probability matrix: alength= 4 w= 7
0.047516198704 0.047516198704 0.032397408207 0.872570194384
0.006479481641 0.920086393089 0.041036717063 0.032397408207
0.911447084233 0.017278617711 0.028077753780 0.043196544276
0.036717062635 0.056155507559 0.012958963283 0.894168466523
0.000000000000 0.969762419006 0.015118790497 0.015118790497
0.812095032397 0.062634989201 0.060475161987 0.064794816415
0.118790496760 0.082073434125 0.097192224622 0.701943844492
MOTIF K562.METAP2.3
letter-probability matrix: alength= 4 w= 7
0.698051948052 0.025974025974 0.165584415584 0.110389610390
0.012987012987 0.025974025974 0.009740259740 0.951298701299
0.006493506494 0.918831168831 0.048701298701 0.025974025974
0.951298701299 0.012987012987 0.019480519481 0.016233766234
0.068181818182 0.759740259740 0.042207792208 0.129870129870
0.012987012987 0.961038961039 0.006493506494 0.019480519481
0.863636363636 0.045454545455 0.035714285714 0.055194805195
MOTIF K562.METAP2.7
letter-probability matrix: alength= 4 w= 7
0.033613445378 0.873949579832 0.058823529412 0.033613445378
0.953781512605 0.025210084034 0.000000000000 0.021008403361
0.117647058824 0.739495798319 0.016806722689 0.126050420168
0.000000000000 1.000000000000 0.000000000000 0.000000000000
0.848739495798 0.071428571429 0.058823529412 0.021008403361
0.815126050420 0.025210084034 0.092436974790 0.067226890756
0.029411764706 0.054621848739 0.886554621849 0.029411764706
MOTIF K562.METAP2.1
letter-probability matrix: alength= 4 w= 7
0.975409836066 0.016393442623 0.008196721311 0.000000000000
0.040983606557 0.713114754098 0.024590163934 0.221311475410
0.000000000000 0.950819672131 0.000000000000 0.049180327869
0.901639344262 0.032786885246 0.008196721311 0.057377049180
0.016393442623 0.032786885246 0.032786885246 0.918032786885
0.016393442623 0.770491803279 0.106557377049 0.106557377049
0.090163934426 0.032786885246 0.819672131148 0.057377049180
