MEME version 5
ALPHABET= ACGU
Background letter frequencies:A 0.25 C 0.25 G 0.25 U 0.25
MOTIF K562.YBX3.1
letter-probability matrix: alength= 4 w= 7
0.205285138249 0.069700460829 0.056091589862 0.668922811060
0.175691244240 0.025129608295 0.710973502304 0.088205645161
0.015552995392 0.020665322581 0.000000000000 0.963781682028
0.027649769585 0.803139400922 0.111679147465 0.057531682028
0.978326612903 0.000000000000 0.000000000000 0.021673387097
0.409346198157 0.302203341014 0.145233294931 0.143217165899
0.037010368664 0.907906105991 0.022393433180 0.032690092166
MOTIF K562.YBX3.0
letter-probability matrix: alength= 4 w= 7
0.106166150671 0.050954592363 0.698658410733 0.144220846233
0.016640866873 0.020446336429 0.008384932921 0.954527863777
0.023026315789 0.806437048504 0.116421568627 0.054115067079
0.983359133127 0.000000000000 0.000000000000 0.016640866873
0.182275541796 0.292505159959 0.047858617131 0.477360681115
0.000000000000 0.984197626419 0.000000000000 0.015802373581
0.530508255934 0.085010319917 0.101909184727 0.282572239422
