MEME version 5
ALPHABET= ACGU
Background letter frequencies:A 0.25 C 0.25 G 0.25 U 0.25
MOTIF K562.GTF2F1.3
letter-probability matrix: alength= 4 w= 7
0.006436041834 0.000000000000 0.978278358809 0.015285599356
0.008849557522 0.002413515688 0.975060337892 0.013676588898
0.071600965406 0.027353177796 0.088495575221 0.812550281577
0.004827031376 0.000000000000 0.983105390185 0.012067578439
0.004827031376 0.005631536605 0.973451327434 0.016090104586
0.021721641191 0.013676588898 0.944489139179 0.020112630732
0.110217216412 0.061946902655 0.366049879324 0.461786001609
MOTIF K562.GTF2F1.5
letter-probability matrix: alength= 4 w= 7
0.006036217304 0.000000000000 0.985915492958 0.008048289738
0.002012072435 0.000000000000 0.991951710262 0.006036217304
0.001341381623 0.003353454058 0.980549966465 0.014755197854
0.048960429242 0.057679409792 0.310529845741 0.582830315225
0.019450033535 0.020791415158 0.412474849095 0.547283702213
0.004694835681 0.001341381623 0.981891348089 0.012072434608
0.000000000000 0.000000000000 0.993293091885 0.006706908115
MOTIF K562.GTF2F1.1
letter-probability matrix: alength= 4 w= 7
0.017286537454 0.020691461498 0.950497642745 0.011524358303
0.496856993190 0.066265060241 0.240701938188 0.196176008381
0.019119958093 0.003143006810 0.959926663174 0.017810371922
0.024096385542 0.008643268727 0.949973808277 0.017286537454
0.044787847040 0.015191199581 0.913305395495 0.026715557884
0.294394971189 0.018334206391 0.473546359350 0.213724463070
0.155578837087 0.028548978523 0.792299633316 0.023572551074
MOTIF K562.GTF2F1.2
letter-probability matrix: alength= 4 w= 7
0.015503875969 0.006029285099 0.952627045650 0.025839793282
0.005167958656 0.000000000000 0.975882859604 0.018949181740
0.006029285099 0.000000000000 0.993970714901 0.000000000000
0.001722652885 0.005167958656 0.975021533161 0.018087855297
0.040482342808 0.077519379845 0.266149870801 0.615848406546
0.018087855297 0.028423772610 0.398794142980 0.554694229113
0.004306632214 0.000000000000 0.987080103359 0.008613264427
MOTIF K562.GTF2F1.0
letter-probability matrix: alength= 4 w= 7
0.006825938567 0.000000000000 0.965017064846 0.028156996587
0.000000000000 0.000000000000 0.992320819113 0.007679180887
0.000000000000 0.005972696246 0.982935153584 0.011092150171
0.074232081911 0.010238907850 0.093856655290 0.821672354949
0.003412969283 0.003412969283 0.984641638225 0.008532423208
0.002559726962 0.012798634812 0.976962457338 0.007679180887
0.080204778157 0.039249146758 0.524744027304 0.355802047782
MOTIF K562.GTF2F1.4
letter-probability matrix: alength= 4 w= 7
0.169368362214 0.037451089994 0.290665176076 0.502515371716
0.000000000000 0.000000000000 0.996646171045 0.003353828955
0.000000000000 0.000000000000 1.000000000000 0.000000000000
0.007266629402 0.006707657909 0.986025712689 0.000000000000
0.678591391839 0.044158747904 0.154835103410 0.122414756847
0.203465623253 0.003912800447 0.777529346003 0.015092230296
0.012856344326 0.016769144774 0.961430967021 0.008943543879
