MEME version 5
ALPHABET= ACGU
Background letter frequencies:A 0.25 C 0.25 G 0.25 U 0.25
MOTIF K562.TBRG4.1
letter-probability matrix: alength= 4 w= 7
0.043478260870 0.739130434783 0.086956521739 0.130434782609
0.086956521739 0.217391304348 0.478260869565 0.217391304348
0.000000000000 0.000000000000 0.043478260870 0.956521739130
0.913043478261 0.000000000000 0.000000000000 0.086956521739
1.000000000000 0.000000000000 0.000000000000 0.000000000000
0.000000000000 0.043478260870 0.043478260870 0.913043478261
0.000000000000 0.000000000000 0.000000000000 1.000000000000
MOTIF K562.TBRG4.7
letter-probability matrix: alength= 4 w= 7
0.000000000000 0.000000000000 0.000000000000 1.000000000000
0.000000000000 0.000000000000 0.000000000000 1.000000000000
0.916666666667 0.041666666667 0.000000000000 0.041666666667
1.000000000000 0.000000000000 0.000000000000 0.000000000000
0.041666666667 0.000000000000 0.958333333333 0.000000000000
0.500000000000 0.333333333333 0.041666666667 0.125000000000
0.083333333333 0.083333333333 0.833333333333 0.000000000000
MOTIF K562.TBRG4.2
letter-probability matrix: alength= 4 w= 7
0.173913043478 0.000000000000 0.782608695652 0.043478260870
0.913043478261 0.000000000000 0.086956521739 0.000000000000
0.086956521739 0.826086956522 0.043478260870 0.043478260870
0.826086956522 0.086956521739 0.000000000000 0.086956521739
0.869565217391 0.000000000000 0.000000000000 0.130434782609
0.043478260870 0.000000000000 0.000000000000 0.956521739130
0.043478260870 0.000000000000 0.086956521739 0.869565217391
MOTIF K562.TBRG4.8
letter-probability matrix: alength= 4 w= 7
0.181818181818 0.454545454545 0.181818181818 0.181818181818
0.090909090909 0.000000000000 0.818181818182 0.090909090909
0.000000000000 0.000000000000 0.909090909091 0.090909090909
0.000000000000 0.000000000000 0.000000000000 1.000000000000
0.000000000000 0.000000000000 0.000000000000 1.000000000000
0.909090909091 0.000000000000 0.090909090909 0.000000000000
0.909090909091 0.000000000000 0.090909090909 0.000000000000
MOTIF K562.TBRG4.9
letter-probability matrix: alength= 4 w= 7
0.000000000000 0.000000000000 0.960000000000 0.040000000000
0.800000000000 0.080000000000 0.120000000000 0.000000000000
0.160000000000 0.080000000000 0.040000000000 0.720000000000
0.800000000000 0.040000000000 0.160000000000 0.000000000000
0.000000000000 0.040000000000 0.960000000000 0.000000000000
0.000000000000 0.000000000000 0.960000000000 0.040000000000
0.040000000000 0.800000000000 0.120000000000 0.040000000000
MOTIF K562.TBRG4.6
letter-probability matrix: alength= 4 w= 7
1.000000000000 0.000000000000 0.000000000000 0.000000000000
1.000000000000 0.000000000000 0.000000000000 0.000000000000
1.000000000000 0.000000000000 0.000000000000 0.000000000000
0.142857142857 0.428571428571 0.071428571429 0.357142857143
0.071428571429 0.000000000000 0.642857142857 0.285714285714
0.000000000000 0.071428571429 0.928571428571 0.000000000000
0.000000000000 1.000000000000 0.000000000000 0.000000000000
MOTIF K562.TBRG4.4
letter-probability matrix: alength= 4 w= 7
0.000000000000 0.000000000000 1.000000000000 0.000000000000
0.045454545455 0.636363636364 0.045454545455 0.272727272727
0.000000000000 0.045454545455 0.954545454545 0.000000000000
0.000000000000 0.045454545455 0.045454545455 0.909090909091
0.000000000000 0.000000000000 1.000000000000 0.000000000000
0.136363636364 0.000000000000 0.090909090909 0.772727272727
0.045454545455 0.772727272727 0.181818181818 0.000000000000
MOTIF K562.TBRG4.0
letter-probability matrix: alength= 4 w= 7
1.000000000000 0.000000000000 0.000000000000 0.000000000000
0.000000000000 0.000000000000 0.000000000000 1.000000000000
1.000000000000 0.000000000000 0.000000000000 0.000000000000
0.000000000000 0.000000000000 1.000000000000 0.000000000000
0.076923076923 0.538461538462 0.307692307692 0.076923076923
0.153846153846 0.307692307692 0.538461538462 0.000000000000
0.923076923077 0.000000000000 0.076923076923 0.000000000000
MOTIF K562.TBRG4.5
letter-probability matrix: alength= 4 w= 7
0.923076923077 0.000000000000 0.000000000000 0.076923076923
0.000000000000 0.076923076923 0.000000000000 0.923076923077
0.000000000000 0.807692307692 0.115384615385 0.076923076923
0.038461538462 0.923076923077 0.000000000000 0.038461538462
0.076923076923 0.884615384615 0.000000000000 0.038461538462
0.115384615385 0.076923076923 0.038461538462 0.769230769231
0.807692307692 0.076923076923 0.076923076923 0.038461538462
MOTIF K562.TBRG4.3
letter-probability matrix: alength= 4 w= 7
0.032258064516 0.870967741935 0.000000000000 0.096774193548
0.000000000000 0.000000000000 0.000000000000 1.000000000000
0.000000000000 0.000000000000 0.000000000000 1.000000000000
0.000000000000 0.000000000000 0.000000000000 1.000000000000
0.000000000000 0.021505376344 0.021505376344 0.956989247312
0.086021505376 0.516129032258 0.096774193548 0.301075268817
0.064516129032 0.129032258065 0.677419354839 0.129032258065
