MEME version 5
ALPHABET= ACGU
Background letter frequencies:A 0.25 C 0.25 G 0.25 U 0.25
MOTIF K562.DDX24.4
letter-probability matrix: alength= 4 w= 7
0.857142857143 0.000000000000 0.000000000000 0.142857142857
0.000000000000 0.000000000000 0.000000000000 1.000000000000
0.000000000000 0.571428571429 0.000000000000 0.428571428571
0.000000000000 0.142857142857 0.714285714286 0.142857142857
0.857142857143 0.000000000000 0.142857142857 0.000000000000
0.000000000000 0.000000000000 0.000000000000 1.000000000000
1.000000000000 0.000000000000 0.000000000000 0.000000000000
MOTIF K562.DDX24.6
letter-probability matrix: alength= 4 w= 7
0.948717948718 0.051282051282 0.000000000000 0.000000000000
0.743589743590 0.051282051282 0.102564102564 0.102564102564
0.076923076923 0.102564102564 0.769230769231 0.051282051282
0.000000000000 0.871794871795 0.102564102564 0.025641025641
0.000000000000 1.000000000000 0.000000000000 0.000000000000
0.794871794872 0.102564102564 0.051282051282 0.051282051282
0.871794871795 0.000000000000 0.051282051282 0.076923076923
MOTIF K562.DDX24.8
letter-probability matrix: alength= 4 w= 7
0.920000000000 0.000000000000 0.020000000000 0.060000000000
0.080000000000 0.040000000000 0.820000000000 0.060000000000
0.080000000000 0.720000000000 0.180000000000 0.020000000000
0.920000000000 0.040000000000 0.020000000000 0.020000000000
0.840000000000 0.000000000000 0.120000000000 0.040000000000
0.080000000000 0.860000000000 0.040000000000 0.020000000000
0.020000000000 0.040000000000 0.000000000000 0.940000000000
MOTIF K562.DDX24.2
letter-probability matrix: alength= 4 w= 7
0.843750000000 0.000000000000 0.031250000000 0.125000000000
0.046875000000 0.015625000000 0.937500000000 0.000000000000
0.765625000000 0.000000000000 0.140625000000 0.093750000000
0.968750000000 0.031250000000 0.000000000000 0.000000000000
0.109375000000 0.703125000000 0.140625000000 0.046875000000
0.921875000000 0.031250000000 0.000000000000 0.046875000000
0.890625000000 0.015625000000 0.046875000000 0.046875000000
MOTIF K562.DDX24.5
letter-probability matrix: alength= 4 w= 7
0.826086956522 0.021739130435 0.086956521739 0.065217391304
0.065217391304 0.804347826087 0.000000000000 0.130434782609
0.000000000000 0.913043478261 0.065217391304 0.021739130435
0.956521739130 0.021739130435 0.021739130435 0.000000000000
0.869565217391 0.065217391304 0.043478260870 0.021739130435
0.782608695652 0.021739130435 0.108695652174 0.086956521739
0.065217391304 0.000000000000 0.891304347826 0.043478260870
MOTIF K562.DDX24.7
letter-probability matrix: alength= 4 w= 7
0.934782608696 0.021739130435 0.010869565217 0.032608695652
0.010869565217 0.010869565217 0.934782608696 0.043478260870
0.010869565217 0.032608695652 0.923913043478 0.032608695652
0.043478260870 0.000000000000 0.043478260870 0.913043478261
0.760869565217 0.054347826087 0.065217391304 0.119565217391
0.163043478261 0.065217391304 0.108695652174 0.663043478261
0.000000000000 0.021739130435 0.945652173913 0.032608695652
MOTIF K562.DDX24.3
letter-probability matrix: alength= 4 w= 7
0.728813559322 0.067796610169 0.135593220339 0.067796610169
0.033898305085 0.000000000000 0.966101694915 0.000000000000
0.135593220339 0.033898305085 0.050847457627 0.779661016949
0.864406779661 0.033898305085 0.084745762712 0.016949152542
0.932203389831 0.000000000000 0.000000000000 0.067796610169
0.016949152542 0.016949152542 0.898305084746 0.067796610169
0.000000000000 0.000000000000 0.067796610169 0.932203389831
MOTIF K562.DDX24.0
letter-probability matrix: alength= 4 w= 7
0.901785714286 0.017857142857 0.053571428571 0.026785714286
0.883928571429 0.000000000000 0.044642857143 0.071428571429
0.062500000000 0.026785714286 0.883928571429 0.026785714286
0.830357142857 0.035714285714 0.080357142857 0.053571428571
0.946428571429 0.000000000000 0.017857142857 0.035714285714
0.187500000000 0.660714285714 0.125000000000 0.026785714286
0.616071428571 0.312500000000 0.017857142857 0.053571428571
MOTIF K562.DDX24.1
letter-probability matrix: alength= 4 w= 7
0.018867924528 0.056603773585 0.811320754717 0.113207547170
0.811320754717 0.037735849057 0.113207547170 0.037735849057
0.905660377358 0.056603773585 0.037735849057 0.000000000000
0.924528301887 0.056603773585 0.018867924528 0.000000000000
0.905660377358 0.018867924528 0.056603773585 0.018867924528
0.075471698113 0.830188679245 0.075471698113 0.018867924528
0.037735849057 0.849056603774 0.037735849057 0.075471698113
