MEME version 5
ALPHABET= ACGU
Background letter frequencies:A 0.25 C 0.25 G 0.25 U 0.25
MOTIF K562.DDX55.7
letter-probability matrix: alength= 4 w= 7
0.000000000000 0.028301886792 0.000000000000 0.971698113208
0.000000000000 0.000000000000 0.000000000000 1.000000000000
0.018867924528 0.037735849057 0.867924528302 0.075471698113
0.000000000000 0.028301886792 0.000000000000 0.971698113208
0.132075471698 0.716981132075 0.047169811321 0.103773584906
0.122641509434 0.075471698113 0.518867924528 0.283018867925
0.018867924528 0.009433962264 0.000000000000 0.971698113208
MOTIF K562.DDX55.5
letter-probability matrix: alength= 4 w= 7
0.038461538462 0.884615384615 0.000000000000 0.076923076923
0.038461538462 0.076923076923 0.538461538462 0.346153846154
0.769230769231 0.115384615385 0.000000000000 0.115384615385
0.038461538462 0.000000000000 0.000000000000 0.961538461538
0.000000000000 0.076923076923 0.000000000000 0.923076923077
0.038461538462 0.961538461538 0.000000000000 0.000000000000
0.000000000000 0.961538461538 0.038461538462 0.000000000000
MOTIF K562.DDX55.1
letter-probability matrix: alength= 4 w= 7
0.030303030303 0.000000000000 0.060606060606 0.909090909091
0.848484848485 0.000000000000 0.030303030303 0.121212121212
0.000000000000 0.696969696970 0.030303030303 0.272727272727
0.060606060606 0.090909090909 0.666666666667 0.181818181818
0.000000000000 0.969696969697 0.030303030303 0.000000000000
0.000000000000 0.000000000000 0.000000000000 1.000000000000
0.030303030303 0.909090909091 0.060606060606 0.000000000000
MOTIF K562.DDX55.9
letter-probability matrix: alength= 4 w= 7
0.000000000000 0.954545454545 0.045454545455 0.000000000000
0.000000000000 0.000000000000 0.090909090909 0.909090909091
0.000000000000 0.863636363636 0.045454545455 0.090909090909
0.000000000000 0.181818181818 0.636363636364 0.181818181818
0.000000000000 1.000000000000 0.000000000000 0.000000000000
0.772727272727 0.045454545455 0.090909090909 0.090909090909
0.000000000000 0.863636363636 0.090909090909 0.045454545455
MOTIF K562.DDX55.4
letter-probability matrix: alength= 4 w= 7
0.000000000000 0.000000000000 1.000000000000 0.000000000000
0.083333333333 0.833333333333 0.083333333333 0.000000000000
0.000000000000 0.083333333333 0.916666666667 0.000000000000
0.000000000000 1.000000000000 0.000000000000 0.000000000000
0.916666666667 0.083333333333 0.000000000000 0.000000000000
0.000000000000 0.000000000000 0.166666666667 0.833333333333
0.666666666667 0.333333333333 0.000000000000 0.000000000000
MOTIF K562.DDX55.6
letter-probability matrix: alength= 4 w= 7
0.019607843137 0.862745098039 0.000000000000 0.117647058824
0.078431372549 0.078431372549 0.019607843137 0.823529411765
0.098039215686 0.803921568627 0.098039215686 0.000000000000
0.000000000000 0.960784313725 0.000000000000 0.039215686275
0.019607843137 0.980392156863 0.000000000000 0.000000000000
0.862745098039 0.058823529412 0.039215686275 0.039215686275
0.745098039216 0.078431372549 0.078431372549 0.098039215686
MOTIF K562.DDX55.3
letter-probability matrix: alength= 4 w= 7
0.882352941176 0.039215686275 0.058823529412 0.019607843137
0.901960784314 0.039215686275 0.019607843137 0.039215686275
0.078431372549 0.862745098039 0.000000000000 0.058823529412
0.000000000000 0.039215686275 0.000000000000 0.960784313725
0.862745098039 0.019607843137 0.039215686275 0.078431372549
0.098039215686 0.058823529412 0.000000000000 0.843137254902
0.078431372549 0.745098039216 0.039215686275 0.137254901961
MOTIF K562.DDX55.0
letter-probability matrix: alength= 4 w= 7
0.000000000000 0.888888888889 0.111111111111 0.000000000000
0.000000000000 0.000000000000 1.000000000000 0.000000000000
0.777777777778 0.222222222222 0.000000000000 0.000000000000
0.000000000000 0.888888888889 0.111111111111 0.000000000000
0.000000000000 0.000000000000 1.000000000000 0.000000000000
0.111111111111 0.666666666667 0.111111111111 0.111111111111
0.777777777778 0.000000000000 0.000000000000 0.222222222222
MOTIF K562.DDX55.2
letter-probability matrix: alength= 4 w= 7
0.000000000000 0.000000000000 0.000000000000 1.000000000000
0.000000000000 0.906250000000 0.031250000000 0.062500000000
0.031250000000 0.031250000000 0.000000000000 0.937500000000
0.000000000000 0.937500000000 0.000000000000 0.062500000000
0.750000000000 0.125000000000 0.031250000000 0.093750000000
0.125000000000 0.781250000000 0.062500000000 0.031250000000
0.093750000000 0.125000000000 0.750000000000 0.031250000000
MOTIF K562.DDX55.8
letter-probability matrix: alength= 4 w= 7
0.868421052632 0.026315789474 0.052631578947 0.052631578947
0.078947368421 0.815789473684 0.052631578947 0.052631578947
0.894736842105 0.052631578947 0.052631578947 0.000000000000
0.000000000000 0.947368421053 0.052631578947 0.000000000000
0.000000000000 0.078947368421 0.026315789474 0.894736842105
0.868421052632 0.052631578947 0.026315789474 0.052631578947
0.052631578947 0.842105263158 0.052631578947 0.052631578947
