MEME version 5
ALPHABET= ACGU
Background letter frequencies:A 0.25 C 0.25 G 0.25 U 0.25
MOTIF K562.FAM120A.5
letter-probability matrix: alength= 4 w= 7
0.030303030303 0.000000000000 0.757575757576 0.212121212121
0.000000000000 0.045454545455 0.015151515152 0.939393939394
0.000000000000 0.893939393939 0.060606060606 0.045454545455
0.000000000000 0.924242424242 0.000000000000 0.075757575758
0.045454545455 0.909090909091 0.000000000000 0.045454545455
0.030303030303 0.030303030303 0.015151515152 0.924242424242
0.666666666667 0.121212121212 0.121212121212 0.090909090909
MOTIF K562.FAM120A.4
letter-probability matrix: alength= 4 w= 7
0.012820512821 0.923076923077 0.064102564103 0.000000000000
0.089743589744 0.871794871795 0.000000000000 0.038461538462
0.012820512821 0.871794871795 0.000000000000 0.115384615385
0.038461538462 0.012820512821 0.012820512821 0.935897435897
0.000000000000 0.000000000000 0.012820512821 0.987179487179
0.076923076923 0.064102564103 0.743589743590 0.115384615385
0.756410256410 0.076923076923 0.089743589744 0.076923076923
MOTIF K562.FAM120A.3
letter-probability matrix: alength= 4 w= 7
0.755813953488 0.139534883721 0.011627906977 0.093023255814
0.058139534884 0.883720930233 0.034883720930 0.023255813953
0.058139534884 0.895348837209 0.000000000000 0.046511627907
0.000000000000 0.965116279070 0.000000000000 0.034883720930
0.744186046512 0.093023255814 0.011627906977 0.151162790698
0.023255813953 0.034883720930 0.023255813953 0.918604651163
0.034883720930 0.000000000000 0.023255813953 0.941860465116
MOTIF K562.FAM120A.8
letter-probability matrix: alength= 4 w= 7
0.000000000000 0.913043478261 0.043478260870 0.043478260870
0.130434782609 0.652173913043 0.000000000000 0.217391304348
0.000000000000 0.260869565217 0.739130434783 0.000000000000
0.000000000000 0.913043478261 0.000000000000 0.086956521739
0.043478260870 0.000000000000 0.000000000000 0.956521739130
0.956521739130 0.000000000000 0.000000000000 0.043478260870
0.869565217391 0.086956521739 0.043478260870 0.000000000000
MOTIF K562.FAM120A.6
letter-probability matrix: alength= 4 w= 7
0.847222222222 0.055555555556 0.041666666667 0.055555555556
0.833333333333 0.000000000000 0.013888888889 0.152777777778
0.138888888889 0.055555555556 0.680555555556 0.125000000000
0.027777777778 0.041666666667 0.027777777778 0.902777777778
0.041666666667 0.888888888889 0.027777777778 0.041666666667
0.027777777778 0.930555555556 0.000000000000 0.041666666667
0.000000000000 0.958333333333 0.000000000000 0.041666666667
MOTIF K562.FAM120A.2
letter-probability matrix: alength= 4 w= 7
0.025000000000 0.058333333333 0.050000000000 0.866666666667
0.783333333333 0.008333333333 0.041666666667 0.166666666667
0.058333333333 0.025000000000 0.766666666667 0.150000000000
0.033333333333 0.891666666667 0.041666666667 0.033333333333
0.025000000000 0.908333333333 0.025000000000 0.041666666667
0.025000000000 0.950000000000 0.008333333333 0.016666666667
0.033333333333 0.900000000000 0.016666666667 0.050000000000
MOTIF K562.FAM120A.7
letter-probability matrix: alength= 4 w= 7
0.022727272727 0.897727272727 0.022727272727 0.056818181818
0.056818181818 0.909090909091 0.011363636364 0.022727272727
0.022727272727 0.920454545455 0.011363636364 0.045454545455
0.079545454545 0.840909090909 0.022727272727 0.056818181818
0.943181818182 0.000000000000 0.034090909091 0.022727272727
0.022727272727 0.102272727273 0.738636363636 0.136363636364
0.034090909091 0.079545454545 0.056818181818 0.829545454545
MOTIF K562.FAM120A.9
letter-probability matrix: alength= 4 w= 7
0.000000000000 0.949152542373 0.016949152542 0.033898305085
0.016949152542 0.915254237288 0.000000000000 0.067796610169
0.050847457627 0.033898305085 0.050847457627 0.864406779661
0.762711864407 0.033898305085 0.067796610169 0.135593220339
0.881355932203 0.000000000000 0.084745762712 0.033898305085
0.135593220339 0.016949152542 0.779661016949 0.067796610169
0.881355932203 0.067796610169 0.000000000000 0.050847457627
MOTIF K562.FAM120A.0
letter-probability matrix: alength= 4 w= 7
0.027027027027 0.878378378378 0.000000000000 0.094594594595
0.000000000000 0.959459459459 0.000000000000 0.040540540541
0.067567567568 0.891891891892 0.000000000000 0.040540540541
0.013513513514 0.067567567568 0.027027027027 0.891891891892
0.702702702703 0.054054054054 0.135135135135 0.108108108108
0.959459459459 0.000000000000 0.000000000000 0.040540540541
0.054054054054 0.054054054054 0.770270270270 0.121621621622
MOTIF K562.FAM120A.1
letter-probability matrix: alength= 4 w= 7
0.894230769231 0.038461538462 0.000000000000 0.067307692308
0.846153846154 0.048076923077 0.028846153846 0.076923076923
0.048076923077 0.048076923077 0.067307692308 0.836538461538
0.009615384615 0.875000000000 0.067307692308 0.048076923077
0.048076923077 0.875000000000 0.019230769231 0.057692307692
0.009615384615 0.923076923077 0.009615384615 0.057692307692
0.076923076923 0.076923076923 0.028846153846 0.817307692308
