MEME version 5
ALPHABET= ACGU
Background letter frequencies:A 0.25 C 0.25 G 0.25 U 0.25
MOTIF K562.SBDS.7
letter-probability matrix: alength= 4 w= 7
0.750000000000 0.250000000000 0.000000000000 0.000000000000
1.000000000000 0.000000000000 0.000000000000 0.000000000000
0.000000000000 0.250000000000 0.000000000000 0.750000000000
0.000000000000 0.750000000000 0.250000000000 0.000000000000
0.000000000000 0.000000000000 1.000000000000 0.000000000000
0.250000000000 0.000000000000 0.750000000000 0.000000000000
0.000000000000 1.000000000000 0.000000000000 0.000000000000
MOTIF K562.SBDS.3
letter-probability matrix: alength= 4 w= 7
0.000000000000 0.111111111111 0.111111111111 0.777777777778
0.000000000000 0.833333333333 0.000000000000 0.166666666667
0.055555555556 0.000000000000 0.000000000000 0.944444444444
0.000000000000 0.000000000000 0.944444444444 0.055555555556
0.888888888889 0.055555555556 0.055555555556 0.000000000000
0.055555555556 0.833333333333 0.111111111111 0.000000000000
0.833333333333 0.055555555556 0.000000000000 0.111111111111
MOTIF K562.SBDS.6
letter-probability matrix: alength= 4 w= 7
0.000000000000 0.000000000000 0.000000000000 1.000000000000
1.000000000000 0.000000000000 0.000000000000 0.000000000000
0.000000000000 0.142857142857 0.000000000000 0.857142857143
0.857142857143 0.000000000000 0.000000000000 0.142857142857
0.142857142857 0.857142857143 0.000000000000 0.000000000000
0.000000000000 0.285714285714 0.000000000000 0.714285714286
0.142857142857 0.714285714286 0.000000000000 0.142857142857
MOTIF K562.SBDS.5
letter-probability matrix: alength= 4 w= 7
1.000000000000 0.000000000000 0.000000000000 0.000000000000
1.000000000000 0.000000000000 0.000000000000 0.000000000000
0.857142857143 0.000000000000 0.142857142857 0.000000000000
0.000000000000 0.000000000000 0.000000000000 1.000000000000
0.000000000000 0.714285714286 0.285714285714 0.000000000000
0.285714285714 0.000000000000 0.571428571429 0.142857142857
0.142857142857 0.000000000000 0.857142857143 0.000000000000
MOTIF K562.SBDS.0
letter-probability matrix: alength= 4 w= 7
0.000000000000 0.000000000000 1.000000000000 0.000000000000
0.000000000000 0.000000000000 1.000000000000 0.000000000000
0.125000000000 0.875000000000 0.000000000000 0.000000000000
0.000000000000 0.000000000000 0.000000000000 1.000000000000
0.250000000000 0.625000000000 0.000000000000 0.125000000000
0.000000000000 0.875000000000 0.000000000000 0.125000000000
0.625000000000 0.125000000000 0.125000000000 0.125000000000
MOTIF K562.SBDS.8
letter-probability matrix: alength= 4 w= 7
0.250000000000 0.583333333333 0.000000000000 0.166666666667
0.000000000000 0.000000000000 0.000000000000 1.000000000000
0.916666666667 0.000000000000 0.083333333333 0.000000000000
1.000000000000 0.000000000000 0.000000000000 0.000000000000
0.750000000000 0.083333333333 0.083333333333 0.083333333333
0.083333333333 0.000000000000 0.000000000000 0.916666666667
0.083333333333 0.916666666667 0.000000000000 0.000000000000
MOTIF K562.SBDS.2
letter-probability matrix: alength= 4 w= 7
0.000000000000 1.000000000000 0.000000000000 0.000000000000
0.000000000000 1.000000000000 0.000000000000 0.000000000000
0.125000000000 0.000000000000 0.750000000000 0.125000000000
0.000000000000 0.625000000000 0.250000000000 0.125000000000
0.000000000000 0.125000000000 0.875000000000 0.000000000000
0.000000000000 0.000000000000 0.250000000000 0.750000000000
0.000000000000 0.000000000000 0.000000000000 1.000000000000
MOTIF K562.SBDS.1
letter-probability matrix: alength= 4 w= 7
0.000000000000 0.000000000000 0.000000000000 1.000000000000
1.000000000000 0.000000000000 0.000000000000 0.000000000000
1.000000000000 0.000000000000 0.000000000000 0.000000000000
1.000000000000 0.000000000000 0.000000000000 0.000000000000
0.000000000000 0.000000000000 0.000000000000 1.000000000000
0.000000000000 1.000000000000 0.000000000000 0.000000000000
0.333333333333 0.500000000000 0.166666666667 0.000000000000
MOTIF K562.SBDS.4
letter-probability matrix: alength= 4 w= 7
0.000000000000 0.142857142857 0.857142857143 0.000000000000
0.142857142857 0.857142857143 0.000000000000 0.000000000000
0.000000000000 0.142857142857 0.571428571429 0.285714285714
0.000000000000 0.285714285714 0.000000000000 0.714285714286
0.000000000000 0.000000000000 0.000000000000 1.000000000000
0.000000000000 1.000000000000 0.000000000000 0.000000000000
0.000000000000 0.000000000000 0.000000000000 1.000000000000
MOTIF K562.SBDS.9
letter-probability matrix: alength= 4 w= 7
0.000000000000 1.000000000000 0.000000000000 0.000000000000
0.000000000000 0.833333333333 0.166666666667 0.000000000000
0.000000000000 0.916666666667 0.083333333333 0.000000000000
0.000000000000 0.083333333333 0.833333333333 0.083333333333
0.000000000000 0.833333333333 0.166666666667 0.000000000000
0.000000000000 0.000000000000 0.916666666667 0.083333333333
0.083333333333 0.083333333333 0.166666666667 0.666666666667
