MEME version 5
ALPHABET= ACGU
Background letter frequencies:A 0.25 C 0.25 G 0.25 U 0.25
MOTIF K562.CPSF6.0
letter-probability matrix: alength= 4 w= 7
0.022556390977 0.000000000000 0.954887218045 0.022556390977
0.924812030075 0.007518796992 0.067669172932 0.000000000000
0.864661654135 0.007518796992 0.060150375940 0.067669172932
0.045112781955 0.000000000000 0.947368421053 0.007518796992
0.894736842105 0.052631578947 0.030075187970 0.022556390977
0.578947368421 0.022556390977 0.030075187970 0.368421052632
0.556390977444 0.067669172932 0.240601503759 0.135338345865
MOTIF K562.CPSF6.4
letter-probability matrix: alength= 4 w= 7
0.900355871886 0.014234875445 0.046263345196 0.039145907473
0.441281138790 0.007117437722 0.473309608541 0.078291814947
0.046263345196 0.010676156584 0.921708185053 0.021352313167
0.846975088968 0.021352313167 0.131672597865 0.000000000000
0.800711743772 0.010676156584 0.099644128114 0.088967971530
0.053380782918 0.060498220641 0.864768683274 0.021352313167
0.793594306050 0.049822064057 0.106761565836 0.049822064057
MOTIF K562.CPSF6.3
letter-probability matrix: alength= 4 w= 7
0.810945273632 0.019900497512 0.054726368159 0.114427860697
0.457711442786 0.000000000000 0.512437810945 0.029850746269
0.736318407960 0.034825870647 0.218905472637 0.009950248756
0.850746268657 0.009950248756 0.069651741294 0.069651741294
0.089552238806 0.039800995025 0.865671641791 0.004975124378
0.820895522388 0.049751243781 0.079601990050 0.049751243781
0.865671641791 0.024875621891 0.044776119403 0.064676616915
MOTIF K562.CPSF6.2
letter-probability matrix: alength= 4 w= 7
0.681318681319 0.065934065934 0.175824175824 0.076923076923
0.890109890110 0.043956043956 0.021978021978 0.043956043956
0.857142857143 0.000000000000 0.076923076923 0.065934065934
0.043956043956 0.032967032967 0.868131868132 0.054945054945
0.901098901099 0.043956043956 0.021978021978 0.032967032967
0.945054945055 0.000000000000 0.032967032967 0.021978021978
0.043956043956 0.010989010989 0.912087912088 0.032967032967
MOTIF K562.CPSF6.1
letter-probability matrix: alength= 4 w= 7
0.928571428571 0.000000000000 0.042857142857 0.028571428571
0.900000000000 0.028571428571 0.042857142857 0.028571428571
0.057142857143 0.028571428571 0.900000000000 0.014285714286
0.857142857143 0.028571428571 0.100000000000 0.014285714286
0.957142857143 0.028571428571 0.014285714286 0.000000000000
0.814285714286 0.014285714286 0.142857142857 0.028571428571
0.142857142857 0.028571428571 0.757142857143 0.071428571429
