MEME version 5
ALPHABET= ACGU
Background letter frequencies:A 0.25 C 0.25 G 0.25 U 0.25
MOTIF K562.PTBP1.3
letter-probability matrix: alength= 4 w= 7
0.020908435472 0.563446286950 0.010454217736 0.405191059841
0.012256669070 0.799927901947 0.001802451334 0.186012977650
0.001802451334 0.010093727469 0.000000000000 0.988103821197
0.003244412401 0.021989906273 0.008291276136 0.966474405191
0.002523431867 0.081470800288 0.001441961067 0.914563806777
0.009372746936 0.922855082913 0.009012256669 0.058759913482
0.004686373468 0.061283345350 0.000000000000 0.934030281182
MOTIF K562.PTBP1.1
letter-probability matrix: alength= 4 w= 7
0.002748763057 0.016217702034 0.003023639362 0.978009895547
0.004398020891 0.792468389225 0.025838372732 0.177295217152
0.005222649808 0.021440351842 0.001649257834 0.971687740517
0.009620670698 0.640736668499 0.042605827378 0.307036833425
0.003298515668 0.022539857064 0.000000000000 0.974161627268
0.009620670698 0.837822979659 0.019241341396 0.133315008246
0.009895547004 0.026388125344 0.000000000000 0.963716327653
MOTIF K562.PTBP1.4
letter-probability matrix: alength= 4 w= 7
0.008852258852 0.868437118437 0.004884004884 0.117826617827
0.002136752137 0.013125763126 0.000000000000 0.984737484737
0.004273504274 0.115079365079 0.022893772894 0.857753357753
0.003968253968 0.021062271062 0.002747252747 0.972222222222
0.014041514042 0.864163614164 0.022588522589 0.099206349206
0.013736263736 0.050976800977 0.000000000000 0.935286935287
0.015873015873 0.680708180708 0.033882783883 0.269536019536
MOTIF K562.PTBP1.2
letter-probability matrix: alength= 4 w= 7
0.001446480231 0.019286403086 0.003375120540 0.975891996143
0.009161041466 0.769045323047 0.015911282546 0.205882352941
0.003375120540 0.029893924783 0.000000000000 0.966730954677
0.009643201543 0.735294117647 0.013500482160 0.241562198650
0.009161041466 0.032786885246 0.001446480231 0.956605593057
0.006750241080 0.047251687560 0.013982642237 0.932015429122
0.009161041466 0.741562198650 0.013018322083 0.236258437801
MOTIF K562.PTBP1.0
letter-probability matrix: alength= 4 w= 7
0.004562737643 0.043092522180 0.002027883397 0.950316856781
0.012420785805 0.687198986058 0.016730038023 0.283650190114
0.006844106464 0.042078580482 0.000000000000 0.951077313054
0.012927756654 0.055513307985 0.005576679341 0.925982256020
0.013181242079 0.700380228137 0.005576679341 0.280861850444
0.008111533587 0.073764258555 0.000000000000 0.918124207858
0.004309252218 0.346261089987 0.008618504436 0.640811153359
MOTIF K562.PTBP1.7
letter-probability matrix: alength= 4 w= 7
0.017713903743 0.616644385027 0.019719251337 0.345922459893
0.010695187166 0.025401069519 0.000000000000 0.963903743316
0.005013368984 0.882018716578 0.007687165775 0.105280748663
0.004679144385 0.024064171123 0.000000000000 0.971256684492
0.006684491979 0.125668449198 0.024732620321 0.842914438503
0.004010695187 0.019385026738 0.003676470588 0.972927807487
0.008355614973 0.879679144385 0.021724598930 0.090240641711
MOTIF K562.PTBP1.5
letter-probability matrix: alength= 4 w= 7
0.002889477486 0.312785937876 0.003130267277 0.681194317361
0.007464483506 0.047676378522 0.006982903925 0.937876234048
0.014206597640 0.693715386468 0.017577654707 0.274500361185
0.012280279316 0.041897423549 0.000000000000 0.945822297135
0.014206597640 0.062846135324 0.007705273296 0.915241993739
0.010113171202 0.725740428606 0.005056585601 0.259089814592
0.013965807850 0.079460630869 0.000000000000 0.906573561281
MOTIF K562.PTBP1.6
letter-probability matrix: alength= 4 w= 7
0.004812650395 0.026469577174 0.007906497078 0.960811275352
0.013750429701 0.615331729117 0.015469233414 0.355448607769
0.011000343761 0.818494327948 0.001031282228 0.169474046064
0.004812650395 0.020625644551 0.000000000000 0.974561705053
0.004468889653 0.022000687521 0.013750429701 0.959779993125
0.002062564455 0.082846338948 0.001718803713 0.913372292884
0.013062908216 0.869714678584 0.019250601581 0.097971811619
