MEME version 5
ALPHABET= ACGU
Background letter frequencies:A 0.25 C 0.25 G 0.25 U 0.25
MOTIF K562.HNRNPUL1.5
letter-probability matrix: alength= 4 w= 7
0.026315789474 0.000000000000 0.973684210526 0.000000000000
0.868421052632 0.105263157895 0.000000000000 0.026315789474
0.184210526316 0.631578947368 0.184210526316 0.000000000000
0.973684210526 0.000000000000 0.000000000000 0.026315789474
0.078947368421 0.026315789474 0.078947368421 0.815789473684
0.842105263158 0.000000000000 0.026315789474 0.131578947368
0.026315789474 0.000000000000 0.973684210526 0.000000000000
MOTIF K562.HNRNPUL1.3
letter-probability matrix: alength= 4 w= 7
0.000000000000 0.024390243902 0.048780487805 0.926829268293
0.097560975610 0.804878048780 0.073170731707 0.024390243902
0.804878048780 0.048780487805 0.048780487805 0.097560975610
0.853658536585 0.000000000000 0.097560975610 0.048780487805
0.048780487805 0.000000000000 0.926829268293 0.024390243902
0.000000000000 0.000000000000 0.951219512195 0.048780487805
0.121951219512 0.048780487805 0.804878048780 0.024390243902
MOTIF K562.HNRNPUL1.7
letter-probability matrix: alength= 4 w= 7
0.961538461538 0.000000000000 0.038461538462 0.000000000000
1.000000000000 0.000000000000 0.000000000000 0.000000000000
0.000000000000 0.000000000000 1.000000000000 0.000000000000
0.230769230769 0.346153846154 0.307692307692 0.115384615385
0.269230769231 0.000000000000 0.730769230769 0.000000000000
0.000000000000 0.000000000000 0.038461538462 0.961538461538
1.000000000000 0.000000000000 0.000000000000 0.000000000000
MOTIF K562.HNRNPUL1.0
letter-probability matrix: alength= 4 w= 7
0.097560975610 0.000000000000 0.219512195122 0.682926829268
0.853658536585 0.048780487805 0.073170731707 0.024390243902
1.000000000000 0.000000000000 0.000000000000 0.000000000000
0.195121951220 0.000000000000 0.756097560976 0.048780487805
0.951219512195 0.024390243902 0.000000000000 0.024390243902
0.024390243902 0.024390243902 0.951219512195 0.000000000000
0.024390243902 0.853658536585 0.048780487805 0.073170731707
MOTIF K562.HNRNPUL1.9
letter-probability matrix: alength= 4 w= 7
0.000000000000 0.000000000000 0.000000000000 1.000000000000
0.000000000000 0.675324675325 0.038961038961 0.285714285714
0.038961038961 0.038961038961 0.000000000000 0.922077922078
0.051948051948 0.000000000000 0.116883116883 0.831168831169
0.831168831169 0.000000000000 0.051948051948 0.116883116883
0.103896103896 0.038961038961 0.831168831169 0.025974025974
0.935064935065 0.000000000000 0.051948051948 0.012987012987
MOTIF K562.HNRNPUL1.2
letter-probability matrix: alength= 4 w= 7
0.000000000000 1.000000000000 0.000000000000 0.000000000000
0.000000000000 0.000000000000 1.000000000000 0.000000000000
0.000000000000 0.000000000000 0.000000000000 1.000000000000
1.000000000000 0.000000000000 0.000000000000 0.000000000000
0.666666666667 0.333333333333 0.000000000000 0.000000000000
0.000000000000 0.666666666667 0.000000000000 0.333333333333
0.000000000000 0.000000000000 1.000000000000 0.000000000000
MOTIF K562.HNRNPUL1.8
letter-probability matrix: alength= 4 w= 7
0.142857142857 0.000000000000 0.785714285714 0.071428571429
0.214285714286 0.642857142857 0.142857142857 0.000000000000
0.142857142857 0.000000000000 0.714285714286 0.142857142857
0.000000000000 0.000000000000 0.000000000000 1.000000000000
0.000000000000 0.000000000000 0.071428571429 0.928571428571
0.928571428571 0.000000000000 0.000000000000 0.071428571429
1.000000000000 0.000000000000 0.000000000000 0.000000000000
MOTIF K562.HNRNPUL1.1
letter-probability matrix: alength= 4 w= 7
0.000000000000 0.800000000000 0.000000000000 0.200000000000
0.100000000000 0.100000000000 0.800000000000 0.000000000000
0.000000000000 0.000000000000 0.100000000000 0.900000000000
0.700000000000 0.200000000000 0.100000000000 0.000000000000
0.000000000000 0.000000000000 1.000000000000 0.000000000000
0.000000000000 0.000000000000 0.100000000000 0.900000000000
0.100000000000 0.900000000000 0.000000000000 0.000000000000
MOTIF K562.HNRNPUL1.6
letter-probability matrix: alength= 4 w= 7
0.000000000000 0.000000000000 0.000000000000 1.000000000000
0.444444444444 0.111111111111 0.333333333333 0.111111111111
1.000000000000 0.000000000000 0.000000000000 0.000000000000
0.000000000000 0.000000000000 1.000000000000 0.000000000000
0.111111111111 0.888888888889 0.000000000000 0.000000000000
0.111111111111 0.777777777778 0.000000000000 0.111111111111
0.111111111111 0.000000000000 0.888888888889 0.000000000000
MOTIF K562.HNRNPUL1.4
letter-probability matrix: alength= 4 w= 7
0.000000000000 0.700000000000 0.000000000000 0.300000000000
0.200000000000 0.000000000000 0.700000000000 0.100000000000
0.000000000000 0.000000000000 0.000000000000 1.000000000000
0.900000000000 0.000000000000 0.100000000000 0.000000000000
0.000000000000 0.000000000000 0.100000000000 0.900000000000
0.800000000000 0.100000000000 0.100000000000 0.000000000000
0.000000000000 1.000000000000 0.000000000000 0.000000000000
