MEME version 5
ALPHABET= ACGU
Background letter frequencies:A 0.25 C 0.25 G 0.25 U 0.25
MOTIF K562.HLTF.3
letter-probability matrix: alength= 4 w= 7
0.889352818372 0.031315240084 0.041753653445 0.037578288100
0.860125260960 0.000000000000 0.079331941545 0.060542797495
0.156576200418 0.064718162839 0.730688935282 0.048016701461
0.929018789144 0.006263048017 0.035490605428 0.029227557411
0.158663883090 0.016701461378 0.780793319415 0.043841336117
0.916492693111 0.016701461378 0.054279749478 0.012526096033
0.939457202505 0.000000000000 0.025052192067 0.035490605428
MOTIF K562.HLTF.5
letter-probability matrix: alength= 4 w= 7
0.188916876574 0.579345088161 0.110831234257 0.120906801008
0.904282115869 0.032745591940 0.010075566751 0.052896725441
0.942065491184 0.012594458438 0.037783375315 0.007556675063
0.926952141058 0.010075566751 0.032745591940 0.030226700252
0.062972292191 0.025188916877 0.891687657431 0.020151133501
0.879093198992 0.042821158690 0.062972292191 0.015113350126
0.914357682620 0.020151133501 0.007556675063 0.057934508816
MOTIF K562.HLTF.0
letter-probability matrix: alength= 4 w= 7
0.073465859983 0.242005185825 0.659464131374 0.025064822818
0.909248055315 0.031979256698 0.050993949870 0.007778738116
0.885911840968 0.000000000000 0.048401037165 0.065687121867
0.103716508211 0.049265341400 0.805531547105 0.041486603284
0.740708729473 0.207433016422 0.044943820225 0.006914433881
0.885911840968 0.035436473639 0.035436473639 0.043215211755
0.768366464996 0.041486603284 0.108038029386 0.082108902334
MOTIF K562.HLTF.2
letter-probability matrix: alength= 4 w= 7
0.890476190476 0.040476190476 0.045238095238 0.023809523810
0.945238095238 0.000000000000 0.030952380952 0.023809523810
0.069047619048 0.023809523810 0.852380952381 0.054761904762
0.957142857143 0.016666666667 0.016666666667 0.009523809524
0.954761904762 0.009523809524 0.011904761905 0.023809523810
0.895238095238 0.016666666667 0.064285714286 0.023809523810
0.180952380952 0.566666666667 0.104761904762 0.147619047619
MOTIF K562.HLTF.4
letter-probability matrix: alength= 4 w= 7
0.891975308642 0.009259259259 0.064814814815 0.033950617284
0.922839506173 0.018518518519 0.037037037037 0.021604938272
0.891975308642 0.037037037037 0.046296296296 0.024691358025
0.117283950617 0.743827160494 0.117283950617 0.021604938272
0.938271604938 0.021604938272 0.015432098765 0.024691358025
0.910493827160 0.000000000000 0.049382716049 0.040123456790
0.114197530864 0.037037037037 0.774691358025 0.074074074074
MOTIF K562.HLTF.1
letter-probability matrix: alength= 4 w= 7
0.934673366834 0.007537688442 0.030150753769 0.027638190955
0.922110552764 0.000000000000 0.012562814070 0.065326633166
0.090452261307 0.037688442211 0.851758793970 0.020100502513
0.959798994975 0.000000000000 0.030150753769 0.010050251256
0.927135678392 0.037688442211 0.020100502513 0.015075376884
0.190954773869 0.585427135678 0.183417085427 0.040201005025
0.876884422111 0.017587939698 0.022613065327 0.082914572864
MOTIF K562.HLTF.6
letter-probability matrix: alength= 4 w= 7
0.784753363229 0.026905829596 0.141255605381 0.047085201794
0.890134529148 0.031390134529 0.017937219731 0.060538116592
0.085201793722 0.000000000000 0.053811659193 0.860986547085
0.035874439462 0.017937219731 0.896860986547 0.049327354260
0.867713004484 0.035874439462 0.080717488789 0.015695067265
0.917040358744 0.000000000000 0.033632286996 0.049327354260
0.087443946188 0.042600896861 0.827354260090 0.042600896861
