MEME version 5
ALPHABET= ACGU
Background letter frequencies:A 0.25 C 0.25 G 0.25 U 0.25
MOTIF K562.U2AF2.2
letter-probability matrix: alength= 4 w= 7
0.007792754844 0.052723953946 0.009758494805 0.929724796406
0.008916034822 0.091687728166 0.033909014322 0.865487222690
0.022535804549 0.725358045493 0.033277169334 0.218828980623
0.016217354676 0.106360572873 0.000000000000 0.877422072452
0.006880089862 0.409926986801 0.011864644763 0.571328278573
0.015585509688 0.850533557989 0.018183094636 0.115697837686
0.028362819433 0.893288402134 0.002386969952 0.075961808481
MOTIF K562.U2AF2.6
letter-probability matrix: alength= 4 w= 7
0.012746660130 0.039343056747 0.013604608408 0.934305674715
0.024390243902 0.698369898272 0.036646647874 0.240593209952
0.013604608408 0.046696899130 0.000000000000 0.939698492462
0.010172815296 0.050986640520 0.027209216816 0.911631327369
0.023042039466 0.756220125015 0.025493320260 0.195244515259
0.015933325162 0.082730726805 0.000000000000 0.901335948033
0.010417943375 0.044981002574 0.015810761123 0.928790292928
MOTIF K562.U2AF2.0
letter-probability matrix: alength= 4 w= 7
0.008857395926 0.008857395926 0.003985828167 0.978299379982
0.004871567759 0.016829052259 0.007085916740 0.971213463242
0.081045172719 0.045172719221 0.033658104517 0.840124003543
0.056244464128 0.689105403012 0.040301151461 0.214348981399
0.938883968113 0.009300265722 0.001771479185 0.050044286980
0.028343666962 0.003542958370 0.930912311780 0.037201062888
0.087245349867 0.062001771479 0.781665190434 0.069087688220
MOTIF K562.U2AF2.5
letter-probability matrix: alength= 4 w= 7
0.000000000000 0.024193548387 0.003101736973 0.972704714640
0.011786600496 0.031017369727 0.008064516129 0.949131513648
0.086228287841 0.540942928040 0.072580645161 0.300248138958
0.019851116625 0.063275434243 0.003722084367 0.913151364764
0.877791563275 0.007444168734 0.022952853598 0.091811414392
0.015508684864 0.001861042184 0.961538461538 0.021091811414
0.036600496278 0.033498759305 0.900124069479 0.029776674938
MOTIF K562.U2AF2.1
letter-probability matrix: alength= 4 w= 7
0.014925373134 0.023066485753 0.005427408412 0.956580732700
0.037991858887 0.582089552239 0.080054274084 0.299864314790
0.013568521031 0.047489823609 0.002713704206 0.936227951153
0.861601085482 0.008141112619 0.017639077341 0.112618724559
0.016282225237 0.002713704206 0.957937584803 0.023066485753
0.025780189959 0.042062415197 0.886024423338 0.046132971506
0.043419267300 0.032564450475 0.028493894166 0.895522388060
MOTIF K562.U2AF2.7
letter-probability matrix: alength= 4 w= 7
0.011123937454 0.049218176094 0.006926225207 0.932731661245
0.006611396789 0.053625773953 0.014691992864 0.925070836394
0.011543708679 0.101269807955 0.023507188582 0.863679294784
0.018260048274 0.755168433204 0.034526183230 0.192045335292
0.015321649701 0.096967152902 0.000000000000 0.887711197397
0.014272221639 0.866407807745 0.025081330675 0.094238639941
0.021828103683 0.875957603106 0.002413684542 0.099800608668
MOTIF K562.U2AF2.3
letter-probability matrix: alength= 4 w= 7
0.057199211045 0.632642998028 0.027613412229 0.282544378698
0.009861932939 0.022682445759 0.001479289941 0.965976331361
0.001972386588 0.018244575937 0.004437869822 0.975345167653
0.040927021696 0.041913214990 0.027120315582 0.890039447732
0.023668639053 0.860946745562 0.011834319527 0.103550295858
0.881656804734 0.013313609467 0.004437869822 0.100591715976
0.023668639053 0.053254437870 0.858974358974 0.064102564103
MOTIF K562.U2AF2.4
letter-probability matrix: alength= 4 w= 7
0.002071823204 0.019337016575 0.000000000000 0.978591160221
0.006215469613 0.182320441989 0.004834254144 0.806629834254
0.087707182320 0.602209944751 0.045580110497 0.264502762431
0.792817679558 0.104281767956 0.003453038674 0.099447513812
0.029696132597 0.859116022099 0.055248618785 0.055939226519
0.955110497238 0.003453038674 0.000000000000 0.041436464088
0.009668508287 0.032458563536 0.910911602210 0.046961325967
