MEME version 5
ALPHABET= ACGU
Background letter frequencies:A 0.25 C 0.25 G 0.25 U 0.25
MOTIF K562.NONO.5
letter-probability matrix: alength= 4 w= 7
0.031128404669 0.045395590143 0.045395590143 0.878080415045
0.014267185473 0.771725032425 0.121919584955 0.092088197147
0.007782101167 0.010376134890 0.000000000000 0.981841763943
0.018158236057 0.027237354086 0.898832684825 0.055771725032
0.024643320363 0.000000000000 0.038910505837 0.936446173800
0.071335927367 0.011673151751 0.906614785992 0.010376134890
0.684824902724 0.121919584955 0.088197146563 0.105058365759
MOTIF K562.NONO.3
letter-probability matrix: alength= 4 w= 7
0.000000000000 0.007900677201 0.023702031603 0.968397291196
0.000000000000 0.016930022573 0.968397291196 0.014672686230
0.005643340858 0.012415349887 0.031602708804 0.950338600451
0.000000000000 0.006772009029 0.993227990971 0.000000000000
0.059819413093 0.511286681716 0.086907449210 0.341986455982
0.053047404063 0.080135440181 0.790067720090 0.076749435666
0.014672686230 0.055304740406 0.034988713318 0.895033860045
MOTIF K562.NONO.1
letter-probability matrix: alength= 4 w= 7
0.074155653451 0.035242290749 0.060205580029 0.830396475771
0.023494860499 0.055066079295 0.850954478708 0.070484581498
0.009544787078 0.012481644640 0.035242290749 0.942731277533
0.204111600587 0.016152716593 0.715124816446 0.064610866373
0.006607929515 0.958149779736 0.016152716593 0.019089574156
0.071953010279 0.794419970631 0.024963289280 0.108663729809
0.034508076358 0.044787077827 0.850954478708 0.069750367107
MOTIF K562.NONO.4
letter-probability matrix: alength= 4 w= 7
0.004878048780 0.029268292683 0.941463414634 0.024390243902
0.007317073171 0.014634146341 0.021951219512 0.956097560976
0.000000000000 0.009756097561 0.973170731707 0.017073170732
0.041463414634 0.673170731707 0.139024390244 0.146341463415
0.026829268293 0.073170731707 0.807317073171 0.092682926829
0.017073170732 0.029268292683 0.043902439024 0.909756097561
0.029268292683 0.070731707317 0.117073170732 0.782926829268
MOTIF K562.NONO.0
letter-probability matrix: alength= 4 w= 7
0.128313253012 0.056024096386 0.737951807229 0.077710843373
0.010240963855 0.027108433735 0.034939759036 0.927710843373
0.044578313253 0.009638554217 0.463253012048 0.482530120482
0.008433734940 0.811445783133 0.162048192771 0.018072289157
0.037951807229 0.830120481928 0.031325301205 0.100602409639
0.023493975904 0.048192771084 0.868674698795 0.059638554217
0.042168674699 0.129518072289 0.051807228916 0.776506024096
MOTIF K562.NONO.2
letter-probability matrix: alength= 4 w= 7
0.068914956012 0.677419354839 0.201612903226 0.052052785924
0.013929618768 0.026392961877 0.015395894428 0.944281524927
0.007331378299 0.052785923754 0.884164222874 0.055718475073
0.022727272727 0.020527859238 0.054252199413 0.902492668622
0.017595307918 0.032991202346 0.917888563050 0.031524926686
0.027126099707 0.024926686217 0.071847507331 0.876099706745
0.014662756598 0.032991202346 0.903958944282 0.048387096774
