MEME version 5
ALPHABET= ACGU
Background letter frequencies:A 0.25 C 0.25 G 0.25 U 0.25
MOTIF K562.HNRNPM.6
letter-probability matrix: alength= 4 w= 7
0.076923076923 0.665680473373 0.068047337278 0.189349112426
0.014792899408 0.109467455621 0.784023668639 0.091715976331
0.011834319527 0.014792899408 0.020710059172 0.952662721893
0.008875739645 0.008875739645 0.937869822485 0.044378698225
0.020710059172 0.011834319527 0.863905325444 0.103550295858
0.014792899408 0.020710059172 0.026627218935 0.937869822485
0.017751479290 0.020710059172 0.079881656805 0.881656804734
MOTIF K562.HNRNPM.7
letter-probability matrix: alength= 4 w= 7
0.029813664596 0.027329192547 0.874534161491 0.068322981366
0.064596273292 0.734161490683 0.063354037267 0.137888198758
0.048447204969 0.083229813665 0.037267080745 0.831055900621
0.004968944099 0.009937888199 0.049689440994 0.935403726708
0.009937888199 0.045962732919 0.828571428571 0.115527950311
0.017391304348 0.003726708075 0.044720496894 0.934161490683
0.000000000000 0.018633540373 0.914285714286 0.067080745342
MOTIF K562.HNRNPM.8
letter-probability matrix: alength= 4 w= 7
0.016935483871 0.053225806452 0.052419354839 0.877419354839
0.013709677419 0.001612903226 0.052419354839 0.932258064516
0.015322580645 0.003225806452 0.858870967742 0.122580645161
0.029032258065 0.066935483871 0.829838709677 0.074193548387
0.040322580645 0.827419354839 0.061290322581 0.070967741935
0.092741935484 0.021774193548 0.021774193548 0.863709677419
0.021774193548 0.033870967742 0.911290322581 0.033064516129
MOTIF K562.HNRNPM.3
letter-probability matrix: alength= 4 w= 7
0.008928571429 0.005102040816 0.022959183673 0.963010204082
0.003826530612 0.038265306122 0.880102040816 0.077806122449
0.029336734694 0.002551020408 0.036989795918 0.931122448980
0.011479591837 0.000000000000 0.931122448980 0.057397959184
0.026785714286 0.024234693878 0.901785714286 0.047193877551
0.038265306122 0.099489795918 0.088010204082 0.774234693878
0.054846938776 0.682397959184 0.181122448980 0.081632653061
MOTIF K562.HNRNPM.5
letter-probability matrix: alength= 4 w= 7
0.051058530511 0.759651307597 0.077210460772 0.112079701121
0.046077210461 0.007471980075 0.014943960149 0.931506849315
0.017434620174 0.011207970112 0.916562889166 0.054794520548
0.028642590286 0.058530510585 0.816936488169 0.095890410959
0.038605230386 0.004981320050 0.039850560399 0.916562889166
0.014943960149 0.033623910336 0.850560398506 0.100871731009
0.034869240349 0.043586550436 0.066002490660 0.855541718555
MOTIF K562.HNRNPM.9
letter-probability matrix: alength= 4 w= 7
0.014665444546 0.032997250229 0.036663611366 0.915673693859
0.041246562786 0.689275893676 0.130155820348 0.139321723190
0.024747937672 0.009165902841 0.009165902841 0.956920256645
0.018331805683 0.005499541705 0.925756186984 0.050412465628
0.031164069661 0.054995417049 0.792850595784 0.120989917507
0.050412465628 0.010082493126 0.061411549038 0.878093492209
0.018331805683 0.027497708524 0.896425297892 0.057745187901
MOTIF K562.HNRNPM.1
letter-probability matrix: alength= 4 w= 7
0.041206030151 0.763819095477 0.065326633166 0.129648241206
0.032160804020 0.006030150754 0.008040201005 0.953768844221
0.008040201005 0.033165829146 0.886432160804 0.072361809045
0.024120603015 0.008040201005 0.032160804020 0.935678391960
0.008040201005 0.008040201005 0.906532663317 0.077386934673
0.032160804020 0.033165829146 0.844221105528 0.090452261307
0.043216080402 0.053266331658 0.125628140704 0.777889447236
MOTIF K562.HNRNPM.2
letter-probability matrix: alength= 4 w= 7
0.016789087093 0.007345225603 0.029380902413 0.946484784890
0.018887722980 0.058761804827 0.779643231899 0.142707240294
0.029380902413 0.003147953830 0.046169989507 0.921301154250
0.020986358867 0.000000000000 0.923399790136 0.055613850997
0.030430220357 0.046169989507 0.842602308499 0.080797481637
0.041972717733 0.835257082896 0.055613850997 0.067156348374
0.067156348374 0.081846799580 0.015739769150 0.835257082896
MOTIF K562.HNRNPM.0
letter-probability matrix: alength= 4 w= 7
0.028000000000 0.042400000000 0.058400000000 0.871200000000
0.008000000000 0.005600000000 0.057600000000 0.928800000000
0.021600000000 0.056800000000 0.805600000000 0.116000000000
0.051200000000 0.011200000000 0.051200000000 0.886400000000
0.023200000000 0.000000000000 0.942400000000 0.034400000000
0.023200000000 0.029600000000 0.911200000000 0.036000000000
0.059200000000 0.737600000000 0.100000000000 0.103200000000
MOTIF K562.HNRNPM.4
letter-probability matrix: alength= 4 w= 7
0.035066505441 0.692865779927 0.088270858525 0.183796856106
0.020556227328 0.043530834341 0.032648125756 0.903264812576
0.013301088271 0.018137847642 0.064087061669 0.904474002418
0.010882708585 0.010882708585 0.877871825877 0.100362756953
0.016928657799 0.050785973398 0.892382103990 0.039903264813
0.051995163241 0.020556227328 0.049576783555 0.877871825877
0.019347037485 0.019347037485 0.923821039903 0.037484885127
