MEME version 5
ALPHABET= ACGU
Background letter frequencies:A 0.25 C 0.25 G 0.25 U 0.25
MOTIF K562.EFTUD2.6
letter-probability matrix: alength= 4 w= 7
0.956043956044 0.000000000000 0.032967032967 0.010989010989
0.010989010989 0.021978021978 0.868131868132 0.098901098901
0.021978021978 0.010989010989 0.967032967033 0.000000000000
0.043956043956 0.000000000000 0.076923076923 0.879120879121
0.868131868132 0.043956043956 0.043956043956 0.043956043956
0.208791208791 0.032967032967 0.175824175824 0.582417582418
0.000000000000 0.000000000000 0.989010989011 0.010989010989
MOTIF K562.EFTUD2.1
letter-probability matrix: alength= 4 w= 7
0.026315789474 0.019736842105 0.881578947368 0.072368421053
0.019736842105 0.026315789474 0.019736842105 0.934210526316
0.868421052632 0.000000000000 0.131578947368 0.000000000000
0.901315789474 0.019736842105 0.006578947368 0.072368421053
0.046052631579 0.032894736842 0.809210526316 0.111842105263
0.026315789474 0.039473684211 0.059210526316 0.875000000000
0.401315789474 0.072368421053 0.098684210526 0.427631578947
MOTIF K562.EFTUD2.4
letter-probability matrix: alength= 4 w= 7
0.029126213592 0.009708737864 0.766990291262 0.194174757282
0.000000000000 0.000000000000 1.000000000000 0.000000000000
0.038834951456 0.029126213592 0.038834951456 0.893203883495
0.786407766990 0.067961165049 0.116504854369 0.029126213592
0.145631067961 0.038834951456 0.048543689320 0.766990291262
0.000000000000 0.000000000000 0.932038834951 0.067961165049
0.019417475728 0.009708737864 0.058252427184 0.912621359223
MOTIF K562.EFTUD2.2
letter-probability matrix: alength= 4 w= 7
0.032258064516 0.010752688172 0.860215053763 0.096774193548
0.021505376344 0.032258064516 0.849462365591 0.096774193548
0.064516129032 0.000000000000 0.053763440860 0.881720430108
0.903225806452 0.021505376344 0.043010752688 0.032258064516
0.870967741935 0.021505376344 0.032258064516 0.075268817204
0.053763440860 0.032258064516 0.182795698925 0.731182795699
0.000000000000 0.000000000000 0.043010752688 0.956989247312
MOTIF K562.EFTUD2.5
letter-probability matrix: alength= 4 w= 7
0.109589041096 0.068493150685 0.150684931507 0.671232876712
0.780821917808 0.095890410959 0.095890410959 0.027397260274
0.917808219178 0.027397260274 0.000000000000 0.054794520548
0.095890410959 0.000000000000 0.849315068493 0.054794520548
0.000000000000 0.041095890411 0.958904109589 0.000000000000
0.027397260274 0.000000000000 0.013698630137 0.958904109589
0.917808219178 0.000000000000 0.041095890411 0.041095890411
MOTIF K562.EFTUD2.0
letter-probability matrix: alength= 4 w= 7
0.057851239669 0.000000000000 0.024793388430 0.917355371901
0.826446280992 0.033057851240 0.074380165289 0.066115702479
0.917355371901 0.000000000000 0.000000000000 0.082644628099
0.066115702479 0.049586776860 0.776859504132 0.107438016529
0.074380165289 0.016528925620 0.024793388430 0.884297520661
0.776859504132 0.066115702479 0.057851239669 0.099173553719
0.355371900826 0.041322314050 0.041322314050 0.561983471074
MOTIF K562.EFTUD2.3
letter-probability matrix: alength= 4 w= 7
0.207547169811 0.031446540881 0.106918238994 0.654088050314
0.000000000000 0.012578616352 0.880503144654 0.106918238994
0.018867924528 0.000000000000 0.025157232704 0.955974842767
0.798742138365 0.012578616352 0.157232704403 0.031446540881
0.830188679245 0.000000000000 0.025157232704 0.144654088050
0.056603773585 0.037735849057 0.830188679245 0.075471698113
0.000000000000 0.018867924528 0.025157232704 0.955974842767
