MEME version 5
ALPHABET= ACGU
Background letter frequencies:A 0.25 C 0.25 G 0.25 U 0.25
MOTIF K562.ILF3.1
letter-probability matrix: alength= 4 w= 7
0.009756097561 0.965853658537 0.009756097561 0.014634146341
0.395121951220 0.473170731707 0.004878048780 0.126829268293
0.000000000000 0.931707317073 0.009756097561 0.058536585366
0.000000000000 0.019512195122 0.004878048780 0.975609756098
0.004878048780 0.009756097561 0.019512195122 0.965853658537
0.043902439024 0.834146341463 0.009756097561 0.112195121951
0.004878048780 0.975609756098 0.000000000000 0.019512195122
MOTIF K562.ILF3.7
letter-probability matrix: alength= 4 w= 7
0.003115264798 0.892523364486 0.015576323988 0.088785046729
0.010903426791 0.912772585670 0.004672897196 0.071651090343
0.017133956386 0.830218068536 0.000000000000 0.152647975078
0.023364485981 0.042056074766 0.006230529595 0.928348909657
0.000000000000 0.073208722741 0.032710280374 0.894080996885
0.018691588785 0.792834890966 0.037383177570 0.151090342679
0.018691588785 0.151090342679 0.007788161994 0.822429906542
MOTIF K562.ILF3.6
letter-probability matrix: alength= 4 w= 7
0.565934065934 0.131868131868 0.098901098901 0.203296703297
0.032967032967 0.032967032967 0.021978021978 0.912087912088
0.000000000000 0.895604395604 0.082417582418 0.021978021978
0.010989010989 0.961538461538 0.000000000000 0.027472527473
0.032967032967 0.917582417582 0.000000000000 0.049450549451
0.060439560440 0.016483516484 0.000000000000 0.923076923077
0.010989010989 0.021978021978 0.895604395604 0.071428571429
MOTIF K562.ILF3.0
letter-probability matrix: alength= 4 w= 7
0.011857707510 0.948616600791 0.000000000000 0.039525691700
0.470355731225 0.241106719368 0.019762845850 0.268774703557
0.035573122530 0.083003952569 0.019762845850 0.861660079051
0.000000000000 0.924901185771 0.027667984190 0.047430830040
0.000000000000 0.960474308300 0.000000000000 0.039525691700
0.019762845850 0.920948616601 0.000000000000 0.059288537549
0.000000000000 0.039525691700 0.003952569170 0.956521739130
MOTIF K562.ILF3.3
letter-probability matrix: alength= 4 w= 7
0.000000000000 0.969565217391 0.000000000000 0.030434782609
0.008695652174 0.960869565217 0.000000000000 0.030434782609
0.013043478261 0.073913043478 0.000000000000 0.913043478261
0.226086956522 0.252173913043 0.069565217391 0.452173913043
0.000000000000 0.978260869565 0.000000000000 0.021739130435
0.008695652174 0.991304347826 0.000000000000 0.000000000000
0.000000000000 0.991304347826 0.000000000000 0.008695652174
MOTIF K562.ILF3.5
letter-probability matrix: alength= 4 w= 7
0.004608294931 0.976958525346 0.000000000000 0.018433179724
0.000000000000 0.976958525346 0.000000000000 0.023041474654
0.000000000000 0.972350230415 0.000000000000 0.027649769585
0.281105990783 0.244239631336 0.027649769585 0.447004608295
0.000000000000 0.087557603687 0.013824884793 0.898617511521
0.000000000000 0.967741935484 0.004608294931 0.027649769585
0.004608294931 0.949308755760 0.000000000000 0.046082949309
MOTIF K562.ILF3.4
letter-probability matrix: alength= 4 w= 7
0.027538726334 0.838209982788 0.024096385542 0.110154905336
0.029259896730 0.879518072289 0.005163511188 0.086058519793
0.036144578313 0.857142857143 0.003442340792 0.103270223752
0.025817555938 0.075731497418 0.010327022375 0.888123924269
0.006884681583 0.802065404475 0.024096385542 0.166953528399
0.006884681583 0.080895008606 0.003442340792 0.908777969019
0.005163511188 0.051635111876 0.024096385542 0.919104991394
MOTIF K562.ILF3.2
letter-probability matrix: alength= 4 w= 7
0.006610009443 0.098205854580 0.012275731822 0.882908404155
0.009442870633 0.777148253069 0.022662889518 0.190745986780
0.002832861190 0.922568460812 0.005665722380 0.068932955619
0.011331444759 0.879131255902 0.002832861190 0.106704438149
0.093484419263 0.349386213409 0.000000000000 0.557129367328
0.017941454202 0.104815864023 0.022662889518 0.854579792257
0.012275731822 0.798866855524 0.033050047214 0.155807365439
