MEME version 5
ALPHABET= ACGU
Background letter frequencies:A 0.25 C 0.25 G 0.25 U 0.25
MOTIF K562.QKI.1
letter-probability matrix: alength= 4 w= 7
0.121449559256 0.092066601371 0.032321253673 0.754162585700
0.942213516161 0.000000000000 0.019588638590 0.038197845250
0.007835455436 0.909892262488 0.000000000000 0.082272282076
0.000000000000 0.000000000000 0.000000000000 1.000000000000
0.975514201763 0.000000000000 0.000000000000 0.024485798237
0.997061704212 0.002938295788 0.000000000000 0.000000000000
0.047992164545 0.645445641528 0.000000000000 0.306562193928
MOTIF K562.QKI.3
letter-probability matrix: alength= 4 w= 7
0.157500000000 0.273750000000 0.063750000000 0.505000000000
0.031250000000 0.033750000000 0.036250000000 0.898750000000
0.933750000000 0.013750000000 0.015000000000 0.037500000000
0.047500000000 0.885000000000 0.000000000000 0.067500000000
0.000000000000 0.003750000000 0.000000000000 0.996250000000
0.970000000000 0.016250000000 0.000000000000 0.013750000000
0.963750000000 0.032500000000 0.000000000000 0.003750000000
MOTIF K562.QKI.0
letter-probability matrix: alength= 4 w= 7
0.941570881226 0.007662835249 0.013409961686 0.037356321839
0.014367816092 0.900383141762 0.000000000000 0.085249042146
0.000000000000 0.000000000000 0.000000000000 1.000000000000
0.978927203065 0.001915708812 0.000000000000 0.019157088123
0.997126436782 0.002873563218 0.000000000000 0.000000000000
0.048850574713 0.654214559387 0.000000000000 0.296934865900
0.497126436782 0.285440613027 0.005747126437 0.211685823755
MOTIF K562.QKI.2
letter-probability matrix: alength= 4 w= 7
0.011494252874 0.916666666667 0.000000000000 0.071839080460
0.002873563218 0.000000000000 0.000000000000 0.997126436782
0.992816091954 0.004310344828 0.000000000000 0.002873563218
1.000000000000 0.000000000000 0.000000000000 0.000000000000
0.044540229885 0.747126436782 0.001436781609 0.206896551724
0.718390804598 0.183908045977 0.007183908046 0.090517241379
0.268678160920 0.058908045977 0.040229885057 0.632183908046
