MEME version 5
ALPHABET= ACGU
Background letter frequencies:A 0.25 C 0.25 G 0.25 U 0.25
MOTIF K562.XRN2.2
letter-probability matrix: alength= 4 w= 7
0.034965034965 0.048951048951 0.769230769231 0.146853146853
0.055944055944 0.055944055944 0.811188811189 0.076923076923
0.020979020979 0.055944055944 0.888111888112 0.034965034965
0.034965034965 0.874125874126 0.041958041958 0.048951048951
0.013986013986 0.916083916084 0.027972027972 0.041958041958
0.020979020979 0.881118881119 0.041958041958 0.055944055944
0.006993006993 0.909090909091 0.041958041958 0.041958041958
MOTIF K562.XRN2.7
letter-probability matrix: alength= 4 w= 7
0.032786885246 0.000000000000 0.967213114754 0.000000000000
0.000000000000 0.024590163934 0.950819672131 0.024590163934
0.016393442623 0.057377049180 0.868852459016 0.057377049180
0.016393442623 0.049180327869 0.090163934426 0.844262295082
0.049180327869 0.762295081967 0.139344262295 0.049180327869
0.065573770492 0.795081967213 0.073770491803 0.065573770492
0.032786885246 0.057377049180 0.852459016393 0.057377049180
MOTIF K562.XRN2.3
letter-probability matrix: alength= 4 w= 7
0.007968127490 0.804780876494 0.123505976096 0.063745019920
0.000000000000 0.892430278884 0.059760956175 0.047808764940
0.023904382470 0.800796812749 0.083665338645 0.091633466135
0.139442231076 0.043824701195 0.772908366534 0.043824701195
0.015936254980 0.019920318725 0.920318725100 0.043824701195
0.011952191235 0.047808764940 0.896414342629 0.043824701195
0.011952191235 0.019920318725 0.525896414343 0.442231075697
MOTIF K562.XRN2.0
letter-probability matrix: alength= 4 w= 7
0.017857142857 0.035714285714 0.937500000000 0.008928571429
0.017857142857 0.013392857143 0.937500000000 0.031250000000
0.022321428571 0.013392857143 0.906250000000 0.058035714286
0.035714285714 0.026785714286 0.919642857143 0.017857142857
0.093750000000 0.691964285714 0.138392857143 0.075892857143
0.017857142857 0.026785714286 0.906250000000 0.049107142857
0.000000000000 0.727678571429 0.241071428571 0.031250000000
MOTIF K562.XRN2.1
letter-probability matrix: alength= 4 w= 7
0.009009009009 0.000000000000 0.945945945946 0.045045045045
0.027027027027 0.000000000000 0.927927927928 0.045045045045
0.027027027027 0.054054054054 0.918918918919 0.000000000000
0.135135135135 0.603603603604 0.171171171171 0.090090090090
0.000000000000 0.054054054054 0.891891891892 0.054054054054
0.009009009009 0.891891891892 0.063063063063 0.036036036036
0.000000000000 0.036036036036 0.099099099099 0.864864864865
MOTIF K562.XRN2.6
letter-probability matrix: alength= 4 w= 7
0.029702970297 0.762376237624 0.148514851485 0.059405940594
0.009900990099 0.034653465347 0.930693069307 0.024752475248
0.019801980198 0.024752475248 0.945544554455 0.009900990099
0.009900990099 0.009900990099 0.940594059406 0.039603960396
0.019801980198 0.039603960396 0.920792079208 0.019801980198
0.113861386139 0.698019801980 0.099009900990 0.089108910891
0.009900990099 0.044554455446 0.891089108911 0.054455445545
MOTIF K562.XRN2.4
letter-probability matrix: alength= 4 w= 7
0.042857142857 0.800000000000 0.100000000000 0.057142857143
0.042857142857 0.014285714286 0.785714285714 0.157142857143
0.014285714286 0.100000000000 0.842857142857 0.042857142857
0.028571428571 0.100000000000 0.085714285714 0.785714285714
0.000000000000 0.942857142857 0.028571428571 0.028571428571
0.000000000000 0.957142857143 0.028571428571 0.014285714286
0.028571428571 0.957142857143 0.014285714286 0.000000000000
MOTIF K562.XRN2.5
letter-probability matrix: alength= 4 w= 7
0.000000000000 0.967032967033 0.032967032967 0.000000000000
0.076923076923 0.692307692308 0.120879120879 0.109890109890
0.000000000000 0.032967032967 0.824175824176 0.142857142857
0.000000000000 0.000000000000 0.967032967033 0.032967032967
0.000000000000 0.032967032967 0.967032967033 0.000000000000
0.000000000000 0.868131868132 0.087912087912 0.043956043956
0.043956043956 0.109890109890 0.076923076923 0.769230769231
MOTIF K562.XRN2.8
letter-probability matrix: alength= 4 w= 7
0.025316455696 0.031645569620 0.063291139241 0.879746835443
0.000000000000 0.000000000000 0.911392405063 0.088607594937
0.031645569620 0.050632911392 0.886075949367 0.031645569620
0.025316455696 0.791139240506 0.120253164557 0.063291139241
0.025316455696 0.898734177215 0.050632911392 0.025316455696
0.069620253165 0.069620253165 0.050632911392 0.810126582278
0.000000000000 0.094936708861 0.873417721519 0.031645569620
