MEME version 5
ALPHABET= ACGU
Background letter frequencies:A 0.25 C 0.25 G 0.25 U 0.25
MOTIF K562.UCHL5.4
letter-probability matrix: alength= 4 w= 7
0.705735660848 0.174563591022 0.057356608479 0.062344139651
0.012468827930 0.004987531172 0.039900249377 0.942643391521
0.009975062344 0.024937655860 0.940149625935 0.024937655860
0.009975062344 0.014962593516 0.960099750623 0.014962593516
0.890274314214 0.032418952618 0.039900249377 0.037406483791
0.059850374065 0.847880299252 0.052369077307 0.039900249377
0.162094763092 0.758104738155 0.019950124688 0.059850374065
MOTIF K562.UCHL5.7
letter-probability matrix: alength= 4 w= 7
0.813901345291 0.011210762332 0.114349775785 0.060538116592
0.058295964126 0.024663677130 0.896860986547 0.020179372197
0.923766816143 0.017937219731 0.042600896861 0.015695067265
0.838565022422 0.049327354260 0.065022421525 0.047085201794
0.089686098655 0.793721973094 0.047085201794 0.069506726457
0.042600896861 0.000000000000 0.008968609865 0.948430493274
0.015695067265 0.017937219731 0.860986547085 0.105381165919
MOTIF K562.UCHL5.3
letter-probability matrix: alength= 4 w= 7
0.084291187739 0.011494252874 0.039080459770 0.865134099617
0.035249042146 0.010727969349 0.819157088123 0.134865900383
0.070498084291 0.013793103448 0.886590038314 0.029118773946
0.912643678161 0.032183908046 0.038314176245 0.016858237548
0.484291187739 0.020689655172 0.080459770115 0.414559386973
0.073563218391 0.043678160920 0.847509578544 0.035249042146
0.865900383142 0.039846743295 0.058237547893 0.036015325670
MOTIF K562.UCHL5.5
letter-probability matrix: alength= 4 w= 7
0.024390243902 0.000000000000 0.020325203252 0.955284552846
0.012195121951 0.012195121951 0.918699186992 0.056910569106
0.038617886179 0.018292682927 0.926829268293 0.016260162602
0.886178861789 0.040650406504 0.042682926829 0.030487804878
0.071138211382 0.804878048780 0.079268292683 0.044715447154
0.140243902439 0.770325203252 0.054878048780 0.034552845528
0.833333333333 0.046747967480 0.032520325203 0.087398373984
MOTIF K562.UCHL5.2
letter-probability matrix: alength= 4 w= 7
0.048859934853 0.042345276873 0.055374592834 0.853420195440
0.039087947883 0.853420195440 0.068403908795 0.039087947883
0.859934853420 0.091205211726 0.013029315961 0.035830618893
0.960912052117 0.000000000000 0.022801302932 0.016286644951
0.081433224756 0.074918566775 0.827361563518 0.016286644951
0.081433224756 0.814332247557 0.055374592834 0.048859934853
0.869706840391 0.068403908795 0.006514657980 0.055374592834
MOTIF K562.UCHL5.1
letter-probability matrix: alength= 4 w= 7
0.890909090909 0.021818181818 0.072727272727 0.014545454545
0.960000000000 0.000000000000 0.029090909091 0.010909090909
0.040000000000 0.036363636364 0.916363636364 0.007272727273
0.949090909091 0.014545454545 0.018181818182 0.018181818182
0.920000000000 0.025454545455 0.021818181818 0.032727272727
0.080000000000 0.661818181818 0.170909090909 0.087272727273
0.080000000000 0.741818181818 0.036363636364 0.141818181818
MOTIF K562.UCHL5.0
letter-probability matrix: alength= 4 w= 7
0.035874439462 0.793721973094 0.147982062780 0.022421524664
0.901345291480 0.067264573991 0.000000000000 0.031390134529
0.946188340807 0.000000000000 0.022421524664 0.031390134529
0.044843049327 0.049327354260 0.874439461883 0.031390134529
0.107623318386 0.834080717489 0.044843049327 0.013452914798
0.905829596413 0.071748878924 0.008968609865 0.013452914798
0.780269058296 0.022421524664 0.130044843049 0.067264573991
MOTIF K562.UCHL5.6
letter-probability matrix: alength= 4 w= 7
0.085758039816 0.012251148545 0.064318529862 0.837672281776
0.021439509954 0.049004594181 0.872894333844 0.056661562021
0.803981623277 0.101071975498 0.062787136294 0.032159264931
0.056661562021 0.000000000000 0.068912710567 0.874425727412
0.010719754977 0.000000000000 0.941807044410 0.047473200613
0.102603369066 0.022970903522 0.849923430322 0.024502297090
0.880551301685 0.036753445636 0.041347626340 0.041347626340
MOTIF K562.UCHL5.8
letter-probability matrix: alength= 4 w= 7
0.067321178121 0.032258064516 0.861150070126 0.039270687237
0.899018232819 0.023842917251 0.060308555400 0.016830294530
0.900420757363 0.000000000000 0.049088359046 0.050490883590
0.061711079944 0.015427769986 0.906030855540 0.016830294530
0.901823281907 0.046283309958 0.037868162693 0.014025245442
0.884992987377 0.040673211781 0.044880785414 0.029453015428
0.741935483871 0.053295932679 0.123422159888 0.081346423562
