MEME version 5
ALPHABET= ACGU
Background letter frequencies:A 0.25 C 0.25 G 0.25 U 0.25
MOTIF K562.YWHAG.0
letter-probability matrix: alength= 4 w= 7
0.031250000000 0.906250000000 0.062500000000 0.000000000000
0.937500000000 0.000000000000 0.000000000000 0.062500000000
0.062500000000 0.031250000000 0.062500000000 0.843750000000
0.812500000000 0.093750000000 0.000000000000 0.093750000000
0.062500000000 0.000000000000 0.875000000000 0.062500000000
0.906250000000 0.031250000000 0.062500000000 0.000000000000
0.031250000000 0.031250000000 0.062500000000 0.875000000000
MOTIF K562.YWHAG.2
letter-probability matrix: alength= 4 w= 7
0.818181818182 0.045454545455 0.090909090909 0.045454545455
0.000000000000 0.090909090909 0.863636363636 0.045454545455
0.045454545455 0.000000000000 0.045454545455 0.909090909091
0.000000000000 0.909090909091 0.045454545455 0.045454545455
0.000000000000 0.090909090909 0.090909090909 0.818181818182
0.045454545455 0.909090909091 0.000000000000 0.045454545455
0.000000000000 0.090909090909 0.818181818182 0.090909090909
MOTIF K562.YWHAG.1
letter-probability matrix: alength= 4 w= 7
0.114285714286 0.028571428571 0.800000000000 0.057142857143
0.028571428571 0.000000000000 0.971428571429 0.000000000000
0.028571428571 0.028571428571 0.000000000000 0.942857142857
0.028571428571 0.857142857143 0.028571428571 0.085714285714
0.914285714286 0.028571428571 0.028571428571 0.028571428571
0.028571428571 0.057142857143 0.085714285714 0.828571428571
0.857142857143 0.028571428571 0.028571428571 0.085714285714
