MEME version 5
ALPHABET= ACGU
Background letter frequencies:A 0.25 C 0.25 G 0.25 U 0.25
MOTIF K562.TAF15.7
letter-probability matrix: alength= 4 w= 7
0.062500000000 0.062500000000 0.000000000000 0.875000000000
1.000000000000 0.000000000000 0.000000000000 0.000000000000
0.000000000000 0.000000000000 1.000000000000 0.000000000000
1.000000000000 0.000000000000 0.000000000000 0.000000000000
1.000000000000 0.000000000000 0.000000000000 0.000000000000
0.187500000000 0.625000000000 0.062500000000 0.125000000000
0.312500000000 0.125000000000 0.500000000000 0.062500000000
MOTIF K562.TAF15.3
letter-probability matrix: alength= 4 w= 7
0.028985507246 0.028985507246 0.840579710145 0.101449275362
0.014492753623 0.000000000000 0.028985507246 0.956521739130
0.014492753623 0.014492753623 0.971014492754 0.000000000000
0.014492753623 0.043478260870 0.942028985507 0.000000000000
0.028985507246 0.000000000000 0.231884057971 0.739130434783
0.753623188406 0.115942028986 0.072463768116 0.057971014493
0.884057971014 0.000000000000 0.115942028986 0.000000000000
MOTIF K562.TAF15.5
letter-probability matrix: alength= 4 w= 7
0.079207920792 0.064356435644 0.772277227723 0.084158415842
0.079207920792 0.089108910891 0.173267326733 0.658415841584
0.920792079208 0.000000000000 0.079207920792 0.000000000000
0.000000000000 0.000000000000 0.970297029703 0.029702970297
0.000000000000 0.000000000000 1.000000000000 0.000000000000
0.762376237624 0.024752475248 0.202970297030 0.009900990099
0.990099009901 0.009900990099 0.000000000000 0.000000000000
MOTIF K562.TAF15.0
letter-probability matrix: alength= 4 w= 7
0.030303030303 0.000000000000 0.939393939394 0.030303030303
0.121212121212 0.363636363636 0.030303030303 0.484848484848
0.000000000000 0.060606060606 0.939393939394 0.000000000000
0.030303030303 0.000000000000 0.000000000000 0.969696969697
0.000000000000 0.030303030303 0.969696969697 0.000000000000
0.000000000000 0.000000000000 0.030303030303 0.969696969697
0.878787878788 0.000000000000 0.121212121212 0.000000000000
MOTIF K562.TAF15.6
letter-probability matrix: alength= 4 w= 7
0.000000000000 0.000000000000 0.918367346939 0.081632653061
0.959183673469 0.020408163265 0.000000000000 0.020408163265
0.000000000000 0.000000000000 1.000000000000 0.000000000000
0.163265306122 0.755102040816 0.040816326531 0.040816326531
0.897959183673 0.020408163265 0.020408163265 0.061224489796
0.061224489796 0.020408163265 0.183673469388 0.734693877551
0.775510204082 0.020408163265 0.163265306122 0.040816326531
MOTIF K562.TAF15.2
letter-probability matrix: alength= 4 w= 7
0.028169014085 0.000000000000 0.901408450704 0.070422535211
0.098591549296 0.014084507042 0.338028169014 0.549295774648
0.830985915493 0.000000000000 0.084507042254 0.084507042254
0.042253521127 0.000000000000 0.943661971831 0.014084507042
0.042253521127 0.901408450704 0.014084507042 0.042253521127
0.957746478873 0.000000000000 0.014084507042 0.028169014085
0.000000000000 0.000000000000 0.971830985915 0.028169014085
MOTIF K562.TAF15.4
letter-probability matrix: alength= 4 w= 7
0.033149171271 0.000000000000 0.469613259669 0.497237569061
0.000000000000 0.000000000000 0.033149171271 0.966850828729
0.027624309392 0.027624309392 0.049723756906 0.895027624309
0.000000000000 0.000000000000 0.027624309392 0.972375690608
0.022099447514 0.016574585635 0.900552486188 0.060773480663
0.900552486188 0.000000000000 0.071823204420 0.027624309392
0.016574585635 0.011049723757 0.955801104972 0.016574585635
MOTIF K562.TAF15.1
letter-probability matrix: alength= 4 w= 7
0.015873015873 0.000000000000 0.936507936508 0.047619047619
0.031746031746 0.015873015873 0.158730158730 0.793650793651
0.888888888889 0.031746031746 0.015873015873 0.063492063492
0.984126984127 0.000000000000 0.000000000000 0.015873015873
0.031746031746 0.000000000000 0.920634920635 0.047619047619
0.000000000000 0.000000000000 0.984126984127 0.015873015873
0.349206349206 0.015873015873 0.079365079365 0.555555555556
