MEME version 5
ALPHABET= ACGU
Background letter frequencies:A 0.25 C 0.25 G 0.25 U 0.25
MOTIF K562.PRPF8.4
letter-probability matrix: alength= 4 w= 7
0.003556910569 0.009654471545 0.975609756098 0.011178861789
0.004573170732 0.000000000000 0.000000000000 0.995426829268
0.058434959350 0.010670731707 0.927845528455 0.003048780488
0.951727642276 0.002540650407 0.026422764228 0.019308943089
0.000000000000 0.000000000000 1.000000000000 0.000000000000
0.032012195122 0.069105691057 0.070121951220 0.828760162602
0.454268292683 0.122459349593 0.357723577236 0.065548780488
MOTIF K562.PRPF8.2
letter-probability matrix: alength= 4 w= 7
0.003064351379 0.000000000000 0.973953013279 0.022982635342
0.002042900919 0.012257405516 0.010725229826 0.974974463739
0.602145045965 0.026046986721 0.359550561798 0.012257405516
0.888661899898 0.025536261491 0.046986721144 0.038815117467
0.008682328907 0.017364657814 0.960163432074 0.013789581205
0.045965270684 0.020939734423 0.051583248212 0.881511746680
0.058733401430 0.058222676200 0.848314606742 0.034729315628
MOTIF K562.PRPF8.0
letter-probability matrix: alength= 4 w= 7
0.098719937936 0.146431342126 0.086889061288 0.667959658650
0.178044996121 0.422032583398 0.112490302560 0.287432117921
0.334173778123 0.594840961986 0.046741660202 0.024243599690
0.917183863460 0.024631497285 0.013576415826 0.044608223429
0.027346780450 0.000000000000 0.960434445306 0.012218774244
0.012800620636 0.000000000000 0.987199379364 0.000000000000
0.000000000000 0.000000000000 0.000000000000 1.000000000000
MOTIF K562.PRPF8.1
letter-probability matrix: alength= 4 w= 7
0.154602675059 0.235641227380 0.154209284028 0.455546813533
0.403619197482 0.528717545240 0.046026750590 0.021636506688
0.953186467349 0.002753737215 0.007867820614 0.036191974823
0.020456333596 0.002753737215 0.963021243116 0.013768686074
0.000000000000 0.000000000000 0.993312352478 0.006687647522
0.008261211644 0.007081038552 0.015342250197 0.969315499607
0.872541306058 0.015342250197 0.100314712825 0.011801730921
MOTIF K562.PRPF8.3
letter-probability matrix: alength= 4 w= 7
0.028140703518 0.003015075377 0.907537688442 0.061306532663
0.009045226131 0.000000000000 0.978894472362 0.012060301508
0.012060301508 0.006030150754 0.008040201005 0.973869346734
0.853266331658 0.039195979899 0.071356783920 0.036180904523
0.242211055276 0.063316582915 0.131658291457 0.562814070352
0.012060301508 0.020100502513 0.936683417085 0.031155778894
0.037185929648 0.034170854271 0.063316582915 0.865326633166
