MEME version 5
ALPHABET= ACGU
Background letter frequencies:A 0.25 C 0.25 G 0.25 U 0.25
MOTIF K562.AUH.8
letter-probability matrix: alength= 4 w= 7
0.111111111111 0.777777777778 0.000000000000 0.111111111111
0.888888888889 0.000000000000 0.000000000000 0.111111111111
0.000000000000 0.000000000000 0.222222222222 0.777777777778
1.000000000000 0.000000000000 0.000000000000 0.000000000000
0.000000000000 0.000000000000 1.000000000000 0.000000000000
0.777777777778 0.111111111111 0.111111111111 0.000000000000
0.000000000000 0.000000000000 0.111111111111 0.888888888889
MOTIF K562.AUH.9
letter-probability matrix: alength= 4 w= 7
0.000000000000 1.000000000000 0.000000000000 0.000000000000
1.000000000000 0.000000000000 0.000000000000 0.000000000000
0.090909090909 0.000000000000 0.000000000000 0.909090909091
0.818181818182 0.090909090909 0.090909090909 0.000000000000
0.000000000000 0.181818181818 0.272727272727 0.545454545455
0.000000000000 1.000000000000 0.000000000000 0.000000000000
0.818181818182 0.090909090909 0.090909090909 0.000000000000
MOTIF K562.AUH.4
letter-probability matrix: alength= 4 w= 7
0.818181818182 0.000000000000 0.090909090909 0.090909090909
0.090909090909 0.000000000000 0.000000000000 0.909090909091
0.909090909091 0.000000000000 0.090909090909 0.000000000000
0.181818181818 0.000000000000 0.818181818182 0.000000000000
0.909090909091 0.000000000000 0.090909090909 0.000000000000
0.000000000000 0.000000000000 0.181818181818 0.818181818182
0.000000000000 0.909090909091 0.090909090909 0.000000000000
MOTIF K562.AUH.5
letter-probability matrix: alength= 4 w= 7
1.000000000000 0.000000000000 0.000000000000 0.000000000000
0.083333333333 0.000000000000 0.916666666667 0.000000000000
0.000000000000 1.000000000000 0.000000000000 0.000000000000
0.083333333333 0.000000000000 0.000000000000 0.916666666667
0.000000000000 0.583333333333 0.333333333333 0.083333333333
0.000000000000 0.000000000000 0.000000000000 1.000000000000
0.666666666667 0.000000000000 0.083333333333 0.250000000000
MOTIF K562.AUH.3
letter-probability matrix: alength= 4 w= 7
0.150000000000 0.000000000000 0.850000000000 0.000000000000
0.000000000000 0.050000000000 0.100000000000 0.850000000000
0.750000000000 0.050000000000 0.150000000000 0.050000000000
0.050000000000 0.950000000000 0.000000000000 0.000000000000
0.050000000000 0.900000000000 0.000000000000 0.050000000000
0.050000000000 0.900000000000 0.000000000000 0.050000000000
0.150000000000 0.850000000000 0.000000000000 0.000000000000
MOTIF K562.AUH.7
letter-probability matrix: alength= 4 w= 7
0.052631578947 0.000000000000 0.052631578947 0.894736842105
0.052631578947 0.000000000000 0.000000000000 0.947368421053
0.894736842105 0.000000000000 0.052631578947 0.052631578947
0.947368421053 0.000000000000 0.052631578947 0.000000000000
0.000000000000 0.000000000000 0.947368421053 0.052631578947
0.157894736842 0.684210526316 0.157894736842 0.000000000000
0.105263157895 0.000000000000 0.684210526316 0.210526315789
MOTIF K562.AUH.2
letter-probability matrix: alength= 4 w= 7
0.062500000000 0.000000000000 0.812500000000 0.125000000000
0.062500000000 0.937500000000 0.000000000000 0.000000000000
1.000000000000 0.000000000000 0.000000000000 0.000000000000
0.062500000000 0.125000000000 0.000000000000 0.812500000000
0.125000000000 0.062500000000 0.000000000000 0.812500000000
0.000000000000 0.000000000000 0.687500000000 0.312500000000
0.000000000000 0.000000000000 0.000000000000 1.000000000000
MOTIF K562.AUH.0
letter-probability matrix: alength= 4 w= 7
0.818181818182 0.090909090909 0.000000000000 0.090909090909
1.000000000000 0.000000000000 0.000000000000 0.000000000000
0.181818181818 0.545454545455 0.181818181818 0.090909090909
0.909090909091 0.090909090909 0.000000000000 0.000000000000
0.000000000000 0.909090909091 0.000000000000 0.090909090909
1.000000000000 0.000000000000 0.000000000000 0.000000000000
0.000000000000 1.000000000000 0.000000000000 0.000000000000
MOTIF K562.AUH.1
letter-probability matrix: alength= 4 w= 7
0.000000000000 0.000000000000 0.000000000000 1.000000000000
0.086956521739 0.826086956522 0.000000000000 0.086956521739
0.826086956522 0.130434782609 0.043478260870 0.000000000000
0.000000000000 0.043478260870 0.086956521739 0.869565217391
0.913043478261 0.043478260870 0.043478260870 0.000000000000
0.043478260870 0.043478260870 0.913043478261 0.000000000000
0.826086956522 0.130434782609 0.043478260870 0.000000000000
MOTIF K562.AUH.6
letter-probability matrix: alength= 4 w= 7
0.047619047619 0.809523809524 0.047619047619 0.095238095238
0.000000000000 0.857142857143 0.000000000000 0.142857142857
0.047619047619 0.047619047619 0.000000000000 0.904761904762
0.857142857143 0.047619047619 0.095238095238 0.000000000000
0.904761904762 0.000000000000 0.047619047619 0.047619047619
0.809523809524 0.000000000000 0.095238095238 0.095238095238
0.095238095238 0.000000000000 0.904761904762 0.000000000000
