MEME version 5
ALPHABET= ACGU
Background letter frequencies:A 0.25 C 0.25 G 0.25 U 0.25
MOTIF K562.RPS5.1
letter-probability matrix: alength= 4 w= 7
0.234939759036 0.251004016064 0.234939759036 0.279116465863
0.093373493976 0.029116465863 0.024096385542 0.853413654618
0.011044176707 0.000000000000 0.969879518072 0.019076305221
0.082329317269 0.832329317269 0.040160642570 0.045180722892
0.877510040161 0.057228915663 0.025100401606 0.040160642570
0.000000000000 0.011044176707 0.030120481928 0.958835341365
0.000000000000 0.015060240964 0.956827309237 0.028112449799
MOTIF K562.RPS5.0
letter-probability matrix: alength= 4 w= 7
0.097165991903 0.032388663968 0.027327935223 0.843117408907
0.000000000000 0.000000000000 0.976720647773 0.023279352227
0.085020242915 0.820850202429 0.041497975709 0.052631578947
0.878542510121 0.047570850202 0.034412955466 0.039473684211
0.000000000000 0.012145748988 0.028340080972 0.959514170040
0.000000000000 0.014170040486 0.959514170040 0.026315789474
0.168016194332 0.272267206478 0.184210526316 0.375506072874
MOTIF K562.RPS5.2
letter-probability matrix: alength= 4 w= 7
0.000000000000 0.000000000000 0.986725663717 0.013274336283
0.019911504425 0.942477876106 0.015486725664 0.022123893805
0.920353982301 0.035398230088 0.013274336283 0.030973451327
0.000000000000 0.000000000000 0.000000000000 1.000000000000
0.006637168142 0.000000000000 0.982300884956 0.011061946903
0.119469026549 0.577433628319 0.088495575221 0.214601769912
0.347345132743 0.088495575221 0.015486725664 0.548672566372
