MEME version 5
ALPHABET= ACGU
Background letter frequencies:A 0.25 C 0.25 G 0.25 U 0.25
MOTIF K562.FXR2.1
letter-probability matrix: alength= 4 w= 7
0.000000000000 0.017857142857 0.017857142857 0.964285714286
0.035714285714 0.029761904762 0.065476190476 0.869047619048
0.029761904762 0.750000000000 0.113095238095 0.107142857143
0.083333333333 0.208333333333 0.666666666667 0.041666666667
0.000000000000 0.952380952381 0.041666666667 0.005952380952
0.017857142857 0.904761904762 0.017857142857 0.059523809524
0.017857142857 0.053571428571 0.928571428571 0.000000000000
MOTIF K562.FXR2.3
letter-probability matrix: alength= 4 w= 7
0.095238095238 0.714285714286 0.047619047619 0.142857142857
0.047619047619 0.047619047619 0.904761904762 0.000000000000
0.952380952381 0.047619047619 0.000000000000 0.000000000000
0.000000000000 0.857142857143 0.047619047619 0.095238095238
0.047619047619 0.047619047619 0.904761904762 0.000000000000
0.000000000000 0.857142857143 0.142857142857 0.000000000000
0.809523809524 0.047619047619 0.095238095238 0.047619047619
MOTIF K562.FXR2.0
letter-probability matrix: alength= 4 w= 7
0.729281767956 0.049723756906 0.096685082873 0.124309392265
0.030386740331 0.008287292818 0.035911602210 0.925414364641
0.024861878453 0.000000000000 0.917127071823 0.058011049724
0.461325966851 0.044198895028 0.453038674033 0.041436464088
0.049723756906 0.856353591160 0.069060773481 0.024861878453
0.044198895028 0.908839779006 0.019337016575 0.027624309392
0.044198895028 0.831491712707 0.066298342541 0.058011049724
MOTIF K562.FXR2.5
letter-probability matrix: alength= 4 w= 7
0.075268817204 0.817204301075 0.021505376344 0.086021505376
0.032258064516 0.000000000000 0.021505376344 0.946236559140
0.010752688172 0.010752688172 0.924731182796 0.053763440860
0.806451612903 0.053763440860 0.107526881720 0.032258064516
0.129032258065 0.698924731183 0.053763440860 0.118279569892
0.053763440860 0.021505376344 0.860215053763 0.064516129032
0.000000000000 0.032258064516 0.956989247312 0.010752688172
MOTIF K562.FXR2.2
letter-probability matrix: alength= 4 w= 7
0.066666666667 0.777777777778 0.066666666667 0.088888888889
0.022222222222 0.055555555556 0.844444444444 0.077777777778
0.822222222222 0.044444444444 0.111111111111 0.022222222222
0.011111111111 0.844444444444 0.066666666667 0.077777777778
0.066666666667 0.033333333333 0.855555555556 0.044444444444
0.011111111111 0.022222222222 0.022222222222 0.944444444444
0.000000000000 0.033333333333 0.966666666667 0.000000000000
MOTIF K562.FXR2.6
letter-probability matrix: alength= 4 w= 7
0.043478260870 0.739130434783 0.086956521739 0.130434782609
0.104347826087 0.078260869565 0.800000000000 0.017391304348
0.834782608696 0.043478260870 0.052173913043 0.069565217391
0.000000000000 0.026086956522 0.956521739130 0.017391304348
0.069565217391 0.852173913043 0.052173913043 0.026086956522
0.026086956522 0.034782608696 0.043478260870 0.895652173913
0.000000000000 0.026086956522 0.965217391304 0.008695652174
MOTIF K562.FXR2.7
letter-probability matrix: alength= 4 w= 7
0.840909090909 0.113636363636 0.022727272727 0.022727272727
0.022727272727 0.727272727273 0.113636363636 0.136363636364
0.136363636364 0.022727272727 0.750000000000 0.090909090909
0.022727272727 0.045454545455 0.931818181818 0.000000000000
0.000000000000 1.000000000000 0.000000000000 0.000000000000
0.863636363636 0.045454545455 0.045454545455 0.045454545455
0.000000000000 0.909090909091 0.000000000000 0.090909090909
MOTIF K562.FXR2.8
letter-probability matrix: alength= 4 w= 7
0.128000000000 0.096000000000 0.672000000000 0.104000000000
0.024000000000 0.920000000000 0.024000000000 0.032000000000
0.064000000000 0.072000000000 0.024000000000 0.840000000000
0.856000000000 0.000000000000 0.112000000000 0.032000000000
0.024000000000 0.016000000000 0.040000000000 0.920000000000
0.000000000000 0.024000000000 0.936000000000 0.040000000000
0.920000000000 0.024000000000 0.032000000000 0.024000000000
MOTIF K562.FXR2.4
letter-probability matrix: alength= 4 w= 7
0.819819819820 0.036036036036 0.063063063063 0.081081081081
0.000000000000 0.909909909910 0.090090090090 0.000000000000
0.018018018018 0.918918918919 0.045045045045 0.018018018018
0.027027027027 0.018018018018 0.063063063063 0.891891891892
0.027027027027 0.054054054054 0.891891891892 0.027027027027
0.054054054054 0.774774774775 0.081081081081 0.090090090090
0.063063063063 0.045045045045 0.837837837838 0.054054054054
