MEME version 5
ALPHABET= ACGU
Background letter frequencies:A 0.25 C 0.25 G 0.25 U 0.25
MOTIF K562.KHDRBS1.3
letter-probability matrix: alength= 4 w= 7
0.218385440971 0.565562295847 0.026598226785 0.189454036398
0.945403639757 0.000000000000 0.000000000000 0.054596360243
0.043863742417 0.004666355576 0.000000000000 0.951469902007
0.690153989734 0.000000000000 0.008866075595 0.300979934671
0.043397106860 0.000000000000 0.000000000000 0.956602893140
0.957536164256 0.002333177788 0.000000000000 0.040130657956
0.973868408773 0.000000000000 0.000000000000 0.026131591227
MOTIF K562.KHDRBS1.0
letter-probability matrix: alength= 4 w= 7
0.055359246172 0.004959394954 0.000000000000 0.939681358874
0.900688116050 0.006757175625 0.011468600831 0.081086107495
0.984687868080 0.000000000000 0.002665674788 0.012646457132
0.681730828839 0.013018411754 0.005393342012 0.299857417395
0.926352984936 0.020705473932 0.003099621846 0.049841919286
0.924555204265 0.002541689914 0.017171905028 0.055731200794
0.172958899014 0.053995412560 0.613849110409 0.159196578017
MOTIF K562.KHDRBS1.1
letter-probability matrix: alength= 4 w= 7
0.950531743474 0.000000000000 0.003222687722 0.046245568804
0.986303577183 0.000000000000 0.000000000000 0.013696422817
0.506525942636 0.010393167902 0.005075733161 0.478005156300
0.970673541734 0.008701256848 0.000000000000 0.020625201418
0.966322913310 0.000000000000 0.000000000000 0.033677086690
0.260312600709 0.041572671608 0.490573638414 0.207541089268
0.280293264583 0.022881082823 0.031904608443 0.664921044151
MOTIF K562.KHDRBS1.2
letter-probability matrix: alength= 4 w= 7
0.597617514488 0.017289117836 0.017192530586 0.367900837090
0.201094655505 0.009948486800 0.009304571797 0.779652285898
0.839536381198 0.000000000000 0.011043142305 0.149420476497
0.760463618802 0.006535737283 0.004378622022 0.228622021893
0.630521571153 0.018770122344 0.012781712814 0.337926593690
0.927881519639 0.010785576304 0.000000000000 0.061332904057
0.888795878944 0.022118480361 0.023052157115 0.066033483580
