MEME version 5
ALPHABET= ACGU
Background letter frequencies:A 0.25 C 0.25 G 0.25 U 0.25
MOTIF K562.XRCC6.0
letter-probability matrix: alength= 4 w= 7
0.000000000000 0.000000000000 0.000000000000 1.000000000000
0.981481481481 0.000000000000 0.000000000000 0.018518518519
0.981481481481 0.000000000000 0.000000000000 0.018518518519
0.333333333333 0.296296296296 0.277777777778 0.092592592593
0.092592592593 0.092592592593 0.777777777778 0.037037037037
0.962962962963 0.000000000000 0.000000000000 0.037037037037
0.000000000000 0.000000000000 1.000000000000 0.000000000000
MOTIF K562.XRCC6.1
letter-probability matrix: alength= 4 w= 7
0.000000000000 0.384615384615 0.076923076923 0.538461538462
0.076923076923 0.000000000000 0.846153846154 0.076923076923
0.000000000000 0.000000000000 0.000000000000 1.000000000000
0.846153846154 0.153846153846 0.000000000000 0.000000000000
0.000000000000 0.000000000000 1.000000000000 0.000000000000
0.000000000000 0.000000000000 0.000000000000 1.000000000000
0.923076923077 0.000000000000 0.000000000000 0.076923076923
MOTIF K562.XRCC6.2
letter-probability matrix: alength= 4 w= 7
0.000000000000 0.800000000000 0.000000000000 0.200000000000
1.000000000000 0.000000000000 0.000000000000 0.000000000000
0.000000000000 0.000000000000 0.000000000000 1.000000000000
1.000000000000 0.000000000000 0.000000000000 0.000000000000
0.000000000000 0.400000000000 0.200000000000 0.400000000000
0.000000000000 0.000000000000 1.000000000000 0.000000000000
0.000000000000 0.200000000000 0.800000000000 0.000000000000
MOTIF K562.XRCC6.3
letter-probability matrix: alength= 4 w= 7
0.000000000000 0.075000000000 0.825000000000 0.100000000000
0.062500000000 0.850000000000 0.075000000000 0.012500000000
0.950000000000 0.025000000000 0.025000000000 0.000000000000
0.900000000000 0.025000000000 0.062500000000 0.012500000000
0.050000000000 0.212500000000 0.675000000000 0.062500000000
0.025000000000 0.912500000000 0.025000000000 0.037500000000
0.025000000000 0.025000000000 0.025000000000 0.925000000000
