MEME version 5
ALPHABET= ACGU
Background letter frequencies:A 0.25 C 0.25 G 0.25 U 0.25
MOTIF K562.HNRNPA1.0
letter-probability matrix: alength= 4 w= 7
0.134838573539 0.302806499261 0.192867693606 0.369487233594
1.000000000000 0.000000000000 0.000000000000 0.000000000000
0.195927410846 0.000000000000 0.798164169656 0.005908419498
0.000000000000 0.000000000000 1.000000000000 0.000000000000
0.242983751846 0.072800168812 0.669339523106 0.014876556235
1.000000000000 0.000000000000 0.000000000000 0.000000000000
0.000000000000 0.000000000000 1.000000000000 0.000000000000
MOTIF K562.HNRNPA1.2
letter-probability matrix: alength= 4 w= 7
1.000000000000 0.000000000000 0.000000000000 0.000000000000
0.013061851710 0.000000000000 0.986938148290 0.000000000000
0.024587014983 0.017671917019 0.774106799846 0.183634268152
0.159815597388 0.446023818671 0.348444102958 0.045716480983
1.000000000000 0.000000000000 0.000000000000 0.000000000000
0.000000000000 0.000000000000 1.000000000000 0.000000000000
0.102573953131 0.069535151748 0.147906262005 0.679984633116
MOTIF K562.HNRNPA1.3
letter-probability matrix: alength= 4 w= 7
0.941550190597 0.005082592122 0.019059720457 0.034307496823
0.030495552732 0.029224904701 0.879288437103 0.060991105464
0.060991105464 0.080050825921 0.069885641677 0.789072426938
0.030495552732 0.050825921220 0.078780177891 0.839898348158
0.087674714104 0.734434561626 0.072426937738 0.105463786531
0.973316391360 0.001270648030 0.002541296061 0.022871664549
0.019059720457 0.006353240152 0.950444726811 0.024142312579
MOTIF K562.HNRNPA1.4
letter-probability matrix: alength= 4 w= 7
0.055921052632 0.667763157895 0.231907894737 0.044407894737
0.970394736842 0.000000000000 0.000000000000 0.029605263158
0.026315789474 0.021381578947 0.942434210526 0.009868421053
0.740131578947 0.039473684211 0.133223684211 0.087171052632
0.064144736842 0.093750000000 0.075657894737 0.766447368421
0.996710526316 0.003289473684 0.000000000000 0.000000000000
0.023026315789 0.004934210526 0.958881578947 0.013157894737
MOTIF K562.HNRNPA1.1
letter-probability matrix: alength= 4 w= 7
0.116182572614 0.099265879349 0.172677944462 0.611873603575
0.041174593042 0.690711777849 0.132460900096 0.135652729014
1.000000000000 0.000000000000 0.000000000000 0.000000000000
0.038940312799 0.000000000000 0.958187041175 0.002872646026
0.003191828918 0.000000000000 0.992339610597 0.004468560485
0.070858601979 0.013086498564 0.909990424513 0.006064474944
0.998723268433 0.000000000000 0.000000000000 0.001276731567
