MEME version 5
ALPHABET= ACGU
Background letter frequencies:A 0.25 C 0.25 G 0.25 U 0.25
MOTIF K562.RPS11.2
letter-probability matrix: alength= 4 w= 7
0.200000000000 0.800000000000 0.000000000000 0.000000000000
1.000000000000 0.000000000000 0.000000000000 0.000000000000
0.000000000000 0.100000000000 0.100000000000 0.800000000000
0.900000000000 0.000000000000 0.000000000000 0.100000000000
0.000000000000 0.000000000000 0.900000000000 0.100000000000
0.800000000000 0.100000000000 0.000000000000 0.100000000000
0.000000000000 0.000000000000 0.100000000000 0.900000000000
MOTIF K562.RPS11.6
letter-probability matrix: alength= 4 w= 7
0.050000000000 0.050000000000 0.050000000000 0.850000000000
0.050000000000 0.850000000000 0.000000000000 0.100000000000
0.100000000000 0.800000000000 0.050000000000 0.050000000000
0.000000000000 0.000000000000 0.000000000000 1.000000000000
0.000000000000 0.100000000000 0.900000000000 0.000000000000
0.750000000000 0.050000000000 0.100000000000 0.100000000000
0.050000000000 0.100000000000 0.850000000000 0.000000000000
MOTIF K562.RPS11.8
letter-probability matrix: alength= 4 w= 7
0.909090909091 0.000000000000 0.090909090909 0.000000000000
0.000000000000 0.000000000000 0.090909090909 0.909090909091
0.636363636364 0.090909090909 0.090909090909 0.181818181818
0.000000000000 1.000000000000 0.000000000000 0.000000000000
0.000000000000 0.818181818182 0.000000000000 0.181818181818
0.000000000000 0.181818181818 0.000000000000 0.818181818182
0.000000000000 0.909090909091 0.090909090909 0.000000000000
MOTIF K562.RPS11.5
letter-probability matrix: alength= 4 w= 7
0.000000000000 1.000000000000 0.000000000000 0.000000000000
0.727272727273 0.272727272727 0.000000000000 0.000000000000
0.000000000000 0.909090909091 0.000000000000 0.090909090909
0.909090909091 0.000000000000 0.000000000000 0.090909090909
0.000000000000 0.727272727273 0.090909090909 0.181818181818
0.000000000000 0.090909090909 0.000000000000 0.909090909091
0.000000000000 0.909090909091 0.000000000000 0.090909090909
MOTIF K562.RPS11.1
letter-probability matrix: alength= 4 w= 7
0.000000000000 1.000000000000 0.000000000000 0.000000000000
0.200000000000 0.200000000000 0.200000000000 0.400000000000
0.000000000000 0.200000000000 0.800000000000 0.000000000000
0.000000000000 0.000000000000 0.000000000000 1.000000000000
1.000000000000 0.000000000000 0.000000000000 0.000000000000
1.000000000000 0.000000000000 0.000000000000 0.000000000000
0.000000000000 0.000000000000 0.000000000000 1.000000000000
MOTIF K562.RPS11.9
letter-probability matrix: alength= 4 w= 7
1.000000000000 0.000000000000 0.000000000000 0.000000000000
0.000000000000 0.500000000000 0.000000000000 0.500000000000
0.000000000000 0.000000000000 1.000000000000 0.000000000000
0.000000000000 0.000000000000 0.000000000000 1.000000000000
1.000000000000 0.000000000000 0.000000000000 0.000000000000
0.000000000000 0.000000000000 0.000000000000 1.000000000000
0.000000000000 0.500000000000 0.000000000000 0.500000000000
MOTIF K562.RPS11.0
letter-probability matrix: alength= 4 w= 7
0.000000000000 0.000000000000 0.000000000000 1.000000000000
0.100000000000 0.750000000000 0.050000000000 0.100000000000
0.850000000000 0.100000000000 0.000000000000 0.050000000000
0.000000000000 0.050000000000 0.100000000000 0.850000000000
0.850000000000 0.050000000000 0.100000000000 0.000000000000
0.000000000000 0.050000000000 0.950000000000 0.000000000000
1.000000000000 0.000000000000 0.000000000000 0.000000000000
MOTIF K562.RPS11.7
letter-probability matrix: alength= 4 w= 7
0.000000000000 0.142857142857 0.857142857143 0.000000000000
0.857142857143 0.142857142857 0.000000000000 0.000000000000
0.000000000000 0.857142857143 0.142857142857 0.000000000000
0.142857142857 0.000000000000 0.857142857143 0.000000000000
0.000000000000 0.857142857143 0.000000000000 0.142857142857
0.142857142857 0.000000000000 0.000000000000 0.857142857143
0.857142857143 0.142857142857 0.000000000000 0.000000000000
MOTIF K562.RPS11.3
letter-probability matrix: alength= 4 w= 7
1.000000000000 0.000000000000 0.000000000000 0.000000000000
0.000000000000 0.083333333333 0.916666666667 0.000000000000
0.083333333333 0.083333333333 0.083333333333 0.750000000000
0.916666666667 0.000000000000 0.000000000000 0.083333333333
0.000000000000 1.000000000000 0.000000000000 0.000000000000
0.250000000000 0.083333333333 0.000000000000 0.666666666667
0.000000000000 0.833333333333 0.166666666667 0.000000000000
MOTIF K562.RPS11.4
letter-probability matrix: alength= 4 w= 7
0.000000000000 0.666666666667 0.000000000000 0.333333333333
0.000000000000 0.166666666667 0.833333333333 0.000000000000
0.000000000000 0.000000000000 0.000000000000 1.000000000000
0.000000000000 0.166666666667 0.000000000000 0.833333333333
0.666666666667 0.000000000000 0.166666666667 0.166666666667
0.000000000000 0.000000000000 1.000000000000 0.000000000000
0.000000000000 1.000000000000 0.000000000000 0.000000000000
