MEME version 5
ALPHABET= ACGU
Background letter frequencies:A 0.25 C 0.25 G 0.25 U 0.25
MOTIF K562.PUS1.3
letter-probability matrix: alength= 4 w= 7
0.000000000000 0.000000000000 0.095238095238 0.904761904762
0.714285714286 0.000000000000 0.095238095238 0.190476190476
0.047619047619 0.000000000000 0.000000000000 0.952380952381
0.857142857143 0.047619047619 0.095238095238 0.000000000000
0.095238095238 0.809523809524 0.095238095238 0.000000000000
0.000000000000 1.000000000000 0.000000000000 0.000000000000
0.047619047619 0.857142857143 0.000000000000 0.095238095238
MOTIF K562.PUS1.4
letter-probability matrix: alength= 4 w= 7
0.000000000000 0.133333333333 0.000000000000 0.866666666667
0.000000000000 0.933333333333 0.000000000000 0.066666666667
0.000000000000 0.133333333333 0.533333333333 0.333333333333
0.000000000000 1.000000000000 0.000000000000 0.000000000000
0.000000000000 0.066666666667 0.000000000000 0.933333333333
0.000000000000 0.933333333333 0.000000000000 0.066666666667
0.000000000000 0.000000000000 0.066666666667 0.933333333333
MOTIF K562.PUS1.8
letter-probability matrix: alength= 4 w= 7
0.000000000000 0.076923076923 0.000000000000 0.923076923077
0.000000000000 0.769230769231 0.000000000000 0.230769230769
0.076923076923 0.076923076923 0.000000000000 0.846153846154
0.000000000000 0.000000000000 0.846153846154 0.153846153846
0.923076923077 0.076923076923 0.000000000000 0.000000000000
0.076923076923 0.769230769231 0.153846153846 0.000000000000
0.923076923077 0.076923076923 0.000000000000 0.000000000000
MOTIF K562.PUS1.5
letter-probability matrix: alength= 4 w= 7
0.823529411765 0.058823529412 0.000000000000 0.117647058824
0.058823529412 0.000000000000 0.058823529412 0.882352941176
0.823529411765 0.058823529412 0.000000000000 0.117647058824
0.117647058824 0.000000000000 0.117647058824 0.764705882353
0.000000000000 0.941176470588 0.000000000000 0.058823529412
0.176470588235 0.823529411765 0.000000000000 0.000000000000
0.941176470588 0.000000000000 0.058823529412 0.000000000000
MOTIF K562.PUS1.2
letter-probability matrix: alength= 4 w= 7
0.909090909091 0.000000000000 0.000000000000 0.090909090909
0.090909090909 0.818181818182 0.090909090909 0.000000000000
0.000000000000 0.181818181818 0.727272727273 0.090909090909
0.000000000000 0.000000000000 0.000000000000 1.000000000000
0.000000000000 0.090909090909 0.000000000000 0.909090909091
0.727272727273 0.000000000000 0.090909090909 0.181818181818
0.000000000000 0.000000000000 0.000000000000 1.000000000000
MOTIF K562.PUS1.7
letter-probability matrix: alength= 4 w= 7
0.000000000000 0.000000000000 0.000000000000 1.000000000000
0.000000000000 1.000000000000 0.000000000000 0.000000000000
0.500000000000 0.000000000000 0.500000000000 0.000000000000
0.000000000000 1.000000000000 0.000000000000 0.000000000000
0.000000000000 0.000000000000 0.250000000000 0.750000000000
0.750000000000 0.250000000000 0.000000000000 0.000000000000
0.000000000000 0.000000000000 1.000000000000 0.000000000000
MOTIF K562.PUS1.9
letter-probability matrix: alength= 4 w= 7
0.000000000000 0.000000000000 0.750000000000 0.250000000000
0.000000000000 0.875000000000 0.000000000000 0.125000000000
0.000000000000 0.000000000000 0.000000000000 1.000000000000
0.875000000000 0.000000000000 0.000000000000 0.125000000000
1.000000000000 0.000000000000 0.000000000000 0.000000000000
0.125000000000 0.625000000000 0.125000000000 0.125000000000
0.000000000000 0.000000000000 0.000000000000 1.000000000000
MOTIF K562.PUS1.6
letter-probability matrix: alength= 4 w= 7
0.000000000000 1.000000000000 0.000000000000 0.000000000000
0.000000000000 0.888888888889 0.000000000000 0.111111111111
0.000000000000 0.000000000000 0.000000000000 1.000000000000
0.000000000000 0.888888888889 0.000000000000 0.111111111111
0.555555555556 0.222222222222 0.222222222222 0.000000000000
0.000000000000 0.888888888889 0.000000000000 0.111111111111
0.111111111111 0.111111111111 0.777777777778 0.000000000000
MOTIF K562.PUS1.0
letter-probability matrix: alength= 4 w= 7
0.833333333333 0.166666666667 0.000000000000 0.000000000000
0.000000000000 0.166666666667 0.000000000000 0.833333333333
0.000000000000 0.833333333333 0.000000000000 0.166666666667
0.166666666667 0.166666666667 0.666666666667 0.000000000000
0.000000000000 0.000000000000 0.000000000000 1.000000000000
0.000000000000 0.000000000000 0.000000000000 1.000000000000
0.833333333333 0.000000000000 0.000000000000 0.166666666667
MOTIF K562.PUS1.1
letter-probability matrix: alength= 4 w= 7
0.166666666667 0.000000000000 0.750000000000 0.083333333333
0.083333333333 0.000000000000 0.083333333333 0.833333333333
0.666666666667 0.000000000000 0.250000000000 0.083333333333
0.916666666667 0.000000000000 0.000000000000 0.083333333333
0.000000000000 0.833333333333 0.083333333333 0.083333333333
0.000000000000 0.000000000000 0.000000000000 1.000000000000
0.000000000000 0.000000000000 1.000000000000 0.000000000000
