MEME version 5
ALPHABET= ACGU
Background letter frequencies:A 0.25 C 0.25 G 0.25 U 0.25
MOTIF K562.PPIL4.0
letter-probability matrix: alength= 4 w= 7
0.947368421053 0.000000000000 0.000000000000 0.052631578947
0.052631578947 0.026315789474 0.921052631579 0.000000000000
0.157894736842 0.763157894737 0.026315789474 0.052631578947
0.078947368421 0.105263157895 0.684210526316 0.131578947368
0.000000000000 0.026315789474 0.000000000000 0.973684210526
0.000000000000 0.026315789474 0.078947368421 0.894736842105
0.000000000000 0.842105263158 0.078947368421 0.078947368421
MOTIF K562.PPIL4.4
letter-probability matrix: alength= 4 w= 7
0.789473684211 0.035087719298 0.035087719298 0.140350877193
0.000000000000 0.000000000000 0.000000000000 1.000000000000
0.000000000000 0.000000000000 0.000000000000 1.000000000000
0.105263157895 0.421052631579 0.140350877193 0.333333333333
0.052631578947 0.035087719298 0.877192982456 0.035087719298
1.000000000000 0.000000000000 0.000000000000 0.000000000000
0.000000000000 0.000000000000 0.964912280702 0.035087719298
MOTIF K562.PPIL4.6
letter-probability matrix: alength= 4 w= 7
0.000000000000 0.000000000000 0.000000000000 1.000000000000
0.080000000000 0.033333333333 0.780000000000 0.106666666667
0.913333333333 0.020000000000 0.020000000000 0.046666666667
0.933333333333 0.006666666667 0.033333333333 0.026666666667
0.093333333333 0.046666666667 0.020000000000 0.840000000000
0.086666666667 0.620000000000 0.206666666667 0.086666666667
0.960000000000 0.013333333333 0.006666666667 0.020000000000
MOTIF K562.PPIL4.8
letter-probability matrix: alength= 4 w= 7
0.892857142857 0.000000000000 0.107142857143 0.000000000000
0.892857142857 0.000000000000 0.071428571429 0.035714285714
0.000000000000 0.000000000000 1.000000000000 0.000000000000
0.000000000000 0.928571428571 0.071428571429 0.000000000000
0.000000000000 0.964285714286 0.000000000000 0.035714285714
0.250000000000 0.571428571429 0.071428571429 0.107142857143
0.142857142857 0.071428571429 0.785714285714 0.000000000000
MOTIF K562.PPIL4.9
letter-probability matrix: alength= 4 w= 7
0.978723404255 0.000000000000 0.000000000000 0.021276595745
0.914893617021 0.021276595745 0.063829787234 0.000000000000
0.021276595745 0.297872340426 0.595744680851 0.085106382979
0.063829787234 0.063829787234 0.851063829787 0.021276595745
1.000000000000 0.000000000000 0.000000000000 0.000000000000
0.000000000000 0.000000000000 0.978723404255 0.021276595745
0.000000000000 0.978723404255 0.021276595745 0.000000000000
MOTIF K562.PPIL4.2
letter-probability matrix: alength= 4 w= 7
0.031250000000 0.000000000000 0.031250000000 0.937500000000
0.750000000000 0.125000000000 0.093750000000 0.031250000000
0.906250000000 0.031250000000 0.000000000000 0.062500000000
0.093750000000 0.843750000000 0.062500000000 0.000000000000
0.031250000000 0.843750000000 0.000000000000 0.125000000000
0.062500000000 0.031250000000 0.812500000000 0.093750000000
0.031250000000 0.937500000000 0.031250000000 0.000000000000
MOTIF K562.PPIL4.7
letter-probability matrix: alength= 4 w= 7
0.843137254902 0.000000000000 0.039215686275 0.117647058824
0.039215686275 0.000000000000 0.901960784314 0.058823529412
0.039215686275 0.019607843137 0.058823529412 0.882352941176
0.039215686275 0.843137254902 0.019607843137 0.098039215686
0.137254901961 0.745098039216 0.000000000000 0.117647058824
0.019607843137 0.039215686275 0.000000000000 0.941176470588
0.039215686275 0.843137254902 0.019607843137 0.098039215686
MOTIF K562.PPIL4.5
letter-probability matrix: alength= 4 w= 7
0.820000000000 0.020000000000 0.020000000000 0.140000000000
0.060000000000 0.060000000000 0.060000000000 0.820000000000
0.060000000000 0.800000000000 0.100000000000 0.040000000000
0.980000000000 0.000000000000 0.020000000000 0.000000000000
0.140000000000 0.020000000000 0.820000000000 0.020000000000
0.980000000000 0.000000000000 0.020000000000 0.000000000000
0.040000000000 0.820000000000 0.080000000000 0.060000000000
MOTIF K562.PPIL4.3
letter-probability matrix: alength= 4 w= 7
0.085106382979 0.829787234043 0.000000000000 0.085106382979
0.042553191489 0.914893617021 0.000000000000 0.042553191489
0.063829787234 0.893617021277 0.021276595745 0.021276595745
0.872340425532 0.021276595745 0.021276595745 0.085106382979
0.085106382979 0.000000000000 0.914893617021 0.000000000000
0.723404255319 0.106382978723 0.127659574468 0.042553191489
0.914893617021 0.021276595745 0.000000000000 0.063829787234
MOTIF K562.PPIL4.1
letter-probability matrix: alength= 4 w= 7
0.000000000000 0.000000000000 0.000000000000 1.000000000000
0.125000000000 0.520833333333 0.083333333333 0.270833333333
0.125000000000 0.125000000000 0.604166666667 0.145833333333
1.000000000000 0.000000000000 0.000000000000 0.000000000000
1.000000000000 0.000000000000 0.000000000000 0.000000000000
0.062500000000 0.937500000000 0.000000000000 0.000000000000
0.937500000000 0.000000000000 0.000000000000 0.062500000000
