MEME version 5
ALPHABET= ACGU
Background letter frequencies:A 0.25 C 0.25 G 0.25 U 0.25
MOTIF K562.SF3B4.0
letter-probability matrix: alength= 4 w= 7
0.018801923918 0.059903804110 0.028858766944 0.892435505028
0.010056843026 0.034980323568 0.034105815479 0.920857017927
0.045474420638 0.149540883253 0.158723218190 0.646261477919
0.068648885002 0.498032356799 0.065588106690 0.367730651509
0.853082641014 0.000000000000 0.029296020988 0.117621337997
0.097070397901 0.014866637516 0.824223874071 0.063839090512
0.256668124180 0.036292085702 0.642326191517 0.064713598601
MOTIF K562.SF3B4.2
letter-probability matrix: alength= 4 w= 7
0.042362002567 0.306803594352 0.018613607189 0.632220795892
0.010911424904 0.047496790757 0.009627727856 0.931964056483
0.038510911425 0.227214377407 0.028883183569 0.705391527599
0.551989730424 0.096919127086 0.041720154044 0.309370988447
0.097560975610 0.772785622593 0.059691912709 0.069961489089
0.920410783055 0.000000000000 0.000000000000 0.079589216945
0.047496790757 0.026315789474 0.867137355584 0.059050064185
MOTIF K562.SF3B4.1
letter-probability matrix: alength= 4 w= 7
0.023376623377 0.028571428571 0.028571428571 0.919480519481
0.031168831169 0.841558441558 0.031168831169 0.096103896104
0.158441558442 0.194805194805 0.031168831169 0.615584415584
0.872727272727 0.000000000000 0.077922077922 0.049350649351
0.025974025974 0.000000000000 0.948051948052 0.025974025974
0.010389610390 0.015584415584 0.945454545455 0.028571428571
0.020779220779 0.025974025974 0.046753246753 0.906493506494
