MEME version 5
ALPHABET= ACGU
Background letter frequencies:A 0.25 C 0.25 G 0.25 U 0.25
MOTIF K562.SRSF1.6
letter-probability matrix: alength= 4 w= 7
0.037333333333 0.194666666667 0.040000000000 0.728000000000
0.032000000000 0.008000000000 0.037333333333 0.922666666667
0.000000000000 0.005333333333 0.984000000000 0.010666666667
0.000000000000 0.013333333333 0.986666666667 0.000000000000
0.949333333333 0.021333333333 0.016000000000 0.013333333333
0.072000000000 0.066666666667 0.133333333333 0.728000000000
0.034666666667 0.789333333333 0.109333333333 0.066666666667
MOTIF K562.SRSF1.5
letter-probability matrix: alength= 4 w= 7
0.005555555556 0.000000000000 0.007407407407 0.987037037037
0.001851851852 0.000000000000 0.998148148148 0.000000000000
0.000000000000 0.001851851852 0.994444444444 0.003703703704
0.961111111111 0.016666666667 0.011111111111 0.011111111111
0.042592592593 0.772222222222 0.148148148148 0.037037037037
0.066666666667 0.861111111111 0.048148148148 0.024074074074
0.583333333333 0.105555555556 0.085185185185 0.225925925926
MOTIF K562.SRSF1.4
letter-probability matrix: alength= 4 w= 7
0.020356234097 0.860050890585 0.078880407125 0.040712468193
0.460559796438 0.356234096692 0.048346055980 0.134860050891
0.038167938931 0.000000000000 0.027989821883 0.933842239186
0.000000000000 0.005089058524 0.977099236641 0.017811704835
0.000000000000 0.000000000000 1.000000000000 0.000000000000
0.961832061069 0.015267175573 0.012722646310 0.010178117048
0.017811704835 0.895674300254 0.071246819338 0.015267175573
MOTIF K562.SRSF1.0
letter-probability matrix: alength= 4 w= 7
0.081125827815 0.023178807947 0.036423841060 0.859271523179
0.000000000000 0.008278145695 0.968543046358 0.023178807947
0.021523178808 0.021523178808 0.945364238411 0.011589403974
0.953642384106 0.019867549669 0.014900662252 0.011589403974
0.043046357616 0.201986754967 0.173841059603 0.581125827815
0.019867549669 0.908940397351 0.036423841060 0.034768211921
0.033112582781 0.046357615894 0.031456953642 0.889072847682
MOTIF K562.SRSF1.3
letter-probability matrix: alength= 4 w= 7
0.439526184539 0.431421446384 0.038653366584 0.090399002494
0.107855361596 0.144014962594 0.109102244389 0.639027431421
0.021197007481 0.882169576060 0.040523690773 0.056109725686
0.013092269327 0.005610972569 0.005610972569 0.975685785536
0.000000000000 0.000000000000 0.984413965087 0.015586034913
0.006234413965 0.013715710723 0.972568578554 0.007481296758
0.869077306733 0.036159600998 0.066084788030 0.028678304239
MOTIF K562.SRSF1.2
letter-probability matrix: alength= 4 w= 7
0.097293343087 0.128749085589 0.093635698610 0.680321872714
0.017556693489 0.903438185808 0.033650329188 0.045354791514
0.014630577908 0.008046817849 0.000000000000 0.977322604243
0.004389173372 0.000000000000 0.980980248720 0.014630577908
0.000000000000 0.005852231163 0.987564008778 0.006583760059
0.849305047549 0.043160204828 0.090709583029 0.016825164594
0.299195318215 0.496708119971 0.140453547915 0.063643013899
MOTIF K562.SRSF1.1
letter-probability matrix: alength= 4 w= 7
0.414835164835 0.450549450549 0.054945054945 0.079670329670
0.065934065934 0.006868131868 0.041208791209 0.885989010989
0.000000000000 0.000000000000 0.983516483516 0.016483516484
0.034340659341 0.000000000000 0.965659340659 0.000000000000
0.980769230769 0.000000000000 0.000000000000 0.019230769231
0.020604395604 0.888736263736 0.053571428571 0.037087912088
0.028846153846 0.538461538462 0.013736263736 0.418956043956
