MEME version 5
ALPHABET= ACGU
Background letter frequencies:A 0.25 C 0.25 G 0.25 U 0.25
MOTIF K562.DDX3X.9
letter-probability matrix: alength= 4 w= 7
0.021390374332 0.823529411765 0.085561497326 0.069518716578
0.021390374332 0.074866310160 0.871657754011 0.032085561497
0.026737967914 0.903743315508 0.042780748663 0.026737967914
0.048128342246 0.133689839572 0.737967914439 0.080213903743
0.010695187166 0.037433155080 0.909090909091 0.042780748663
0.010695187166 0.914438502674 0.042780748663 0.032085561497
0.010695187166 0.903743315508 0.042780748663 0.042780748663
MOTIF K562.DDX3X.6
letter-probability matrix: alength= 4 w= 7
0.000000000000 0.032258064516 0.935483870968 0.032258064516
0.000000000000 0.838709677419 0.096774193548 0.064516129032
0.016129032258 0.000000000000 0.983870967742 0.000000000000
0.032258064516 0.774193548387 0.161290322581 0.032258064516
0.000000000000 0.048387096774 0.854838709677 0.096774193548
0.725806451613 0.096774193548 0.129032258065 0.048387096774
0.000000000000 0.903225806452 0.048387096774 0.048387096774
MOTIF K562.DDX3X.5
letter-probability matrix: alength= 4 w= 7
0.000000000000 0.000000000000 0.169811320755 0.830188679245
0.018867924528 0.018867924528 0.962264150943 0.000000000000
0.754716981132 0.150943396226 0.075471698113 0.018867924528
0.075471698113 0.716981132075 0.188679245283 0.018867924528
0.000000000000 0.037735849057 0.924528301887 0.037735849057
0.056603773585 0.867924528302 0.056603773585 0.018867924528
0.018867924528 0.000000000000 0.943396226415 0.037735849057
MOTIF K562.DDX3X.3
letter-probability matrix: alength= 4 w= 7
0.817073170732 0.030487804878 0.097560975610 0.054878048780
0.006097560976 0.018292682927 0.054878048780 0.920731707317
0.012195121951 0.000000000000 0.963414634146 0.024390243902
0.024390243902 0.024390243902 0.951219512195 0.000000000000
0.109756097561 0.804878048780 0.018292682927 0.067073170732
0.030487804878 0.097560975610 0.823170731707 0.048780487805
0.042682926829 0.024390243902 0.890243902439 0.042682926829
MOTIF K562.DDX3X.1
letter-probability matrix: alength= 4 w= 7
0.016949152542 0.864406779661 0.050847457627 0.067796610169
0.050847457627 0.033898305085 0.779661016949 0.135593220339
0.000000000000 0.016949152542 0.983050847458 0.000000000000
0.000000000000 0.118644067797 0.050847457627 0.830508474576
0.677966101695 0.050847457627 0.220338983051 0.050847457627
0.033898305085 0.033898305085 0.898305084746 0.033898305085
0.000000000000 0.966101694915 0.000000000000 0.033898305085
MOTIF K562.DDX3X.4
letter-probability matrix: alength= 4 w= 7
0.019480519481 0.889610389610 0.045454545455 0.045454545455
0.058441558442 0.006493506494 0.883116883117 0.051948051948
0.000000000000 0.038961038961 0.948051948052 0.012987012987
0.032467532468 0.922077922078 0.000000000000 0.045454545455
0.025974025974 0.045454545455 0.837662337662 0.090909090909
0.038961038961 0.077922077922 0.844155844156 0.038961038961
0.032467532468 0.097402597403 0.103896103896 0.766233766234
MOTIF K562.DDX3X.0
letter-probability matrix: alength= 4 w= 7
0.030534351145 0.763358778626 0.167938931298 0.038167938931
0.900763358779 0.038167938931 0.007633587786 0.053435114504
0.000000000000 0.000000000000 0.015267175573 0.984732824427
0.007633587786 0.015267175573 0.946564885496 0.030534351145
0.007633587786 0.015267175573 0.977099236641 0.000000000000
0.145038167939 0.725190839695 0.038167938931 0.091603053435
0.000000000000 0.152671755725 0.793893129771 0.053435114504
MOTIF K562.DDX3X.8
letter-probability matrix: alength= 4 w= 7
0.007352941176 0.058823529412 0.088235294118 0.845588235294
0.000000000000 0.882352941176 0.051470588235 0.066176470588
0.036764705882 0.867647058824 0.014705882353 0.080882352941
0.051470588235 0.058823529412 0.801470588235 0.088235294118
0.000000000000 0.051470588235 0.926470588235 0.022058823529
0.029411764706 0.904411764706 0.036764705882 0.029411764706
0.022058823529 0.073529411765 0.830882352941 0.073529411765
MOTIF K562.DDX3X.7
letter-probability matrix: alength= 4 w= 7
0.024734982332 0.053003533569 0.081272084806 0.840989399293
0.014134275618 0.021201413428 0.911660777385 0.053003533569
0.010600706714 0.049469964664 0.939929328622 0.000000000000
0.088339222615 0.798586572438 0.049469964664 0.063604240283
0.049469964664 0.084805653710 0.802120141343 0.063604240283
0.028268551237 0.031802120141 0.908127208481 0.031802120141
0.042402826855 0.911660777385 0.021201413428 0.024734982332
MOTIF K562.DDX3X.2
letter-probability matrix: alength= 4 w= 7
0.052287581699 0.810457516340 0.084967320261 0.052287581699
0.000000000000 0.045751633987 0.947712418301 0.006535947712
0.045751633987 0.836601307190 0.091503267974 0.026143790850
0.032679738562 0.071895424837 0.797385620915 0.098039215686
0.013071895425 0.915032679739 0.032679738562 0.039215686275
0.000000000000 0.052287581699 0.039215686275 0.908496732026
0.019607843137 0.019607843137 0.091503267974 0.869281045752
