MEME version 5
ALPHABET= ACGU
Background letter frequencies:A 0.25 C 0.25 G 0.25 U 0.25
MOTIF K562.DGCR8.7
letter-probability matrix: alength= 4 w= 7
0.166666666667 0.833333333333 0.000000000000 0.000000000000
0.833333333333 0.000000000000 0.000000000000 0.166666666667
0.000000000000 0.000000000000 0.000000000000 1.000000000000
0.083333333333 0.083333333333 0.000000000000 0.833333333333
0.916666666667 0.000000000000 0.083333333333 0.000000000000
0.166666666667 0.000000000000 0.750000000000 0.083333333333
0.916666666667 0.000000000000 0.000000000000 0.083333333333
MOTIF K562.DGCR8.0
letter-probability matrix: alength= 4 w= 7
0.052631578947 0.736842105263 0.105263157895 0.105263157895
0.000000000000 0.052631578947 0.000000000000 0.947368421053
0.789473684211 0.105263157895 0.000000000000 0.105263157895
0.052631578947 0.052631578947 0.894736842105 0.000000000000
0.052631578947 0.947368421053 0.000000000000 0.000000000000
1.000000000000 0.000000000000 0.000000000000 0.000000000000
0.000000000000 0.736842105263 0.105263157895 0.157894736842
MOTIF K562.DGCR8.2
letter-probability matrix: alength= 4 w= 7
0.000000000000 0.833333333333 0.055555555556 0.111111111111
0.111111111111 0.000000000000 0.777777777778 0.111111111111
0.000000000000 1.000000000000 0.000000000000 0.000000000000
0.055555555556 0.055555555556 0.000000000000 0.888888888889
0.000000000000 0.111111111111 0.000000000000 0.888888888889
0.666666666667 0.000000000000 0.111111111111 0.222222222222
0.000000000000 0.055555555556 0.944444444444 0.000000000000
MOTIF K562.DGCR8.9
letter-probability matrix: alength= 4 w= 7
0.049180327869 0.032786885246 0.819672131148 0.098360655738
0.016393442623 0.918032786885 0.032786885246 0.032786885246
0.934426229508 0.032786885246 0.000000000000 0.032786885246
0.065573770492 0.098360655738 0.065573770492 0.770491803279
0.049180327869 0.000000000000 0.065573770492 0.885245901639
0.032786885246 0.016393442623 0.786885245902 0.163934426230
0.016393442623 0.032786885246 0.016393442623 0.934426229508
MOTIF K562.DGCR8.8
letter-probability matrix: alength= 4 w= 7
0.900000000000 0.000000000000 0.100000000000 0.000000000000
0.800000000000 0.200000000000 0.000000000000 0.000000000000
0.100000000000 0.900000000000 0.000000000000 0.000000000000
0.000000000000 1.000000000000 0.000000000000 0.000000000000
0.100000000000 0.000000000000 0.700000000000 0.200000000000
0.000000000000 0.000000000000 0.100000000000 0.900000000000
0.000000000000 0.800000000000 0.100000000000 0.100000000000
MOTIF K562.DGCR8.3
letter-probability matrix: alength= 4 w= 7
0.736842105263 0.052631578947 0.000000000000 0.210526315789
0.000000000000 0.947368421053 0.000000000000 0.052631578947
0.052631578947 0.000000000000 0.052631578947 0.894736842105
0.789473684211 0.052631578947 0.052631578947 0.105263157895
0.052631578947 0.105263157895 0.842105263158 0.000000000000
0.105263157895 0.894736842105 0.000000000000 0.000000000000
0.947368421053 0.000000000000 0.000000000000 0.052631578947
MOTIF K562.DGCR8.4
letter-probability matrix: alength= 4 w= 7
0.800000000000 0.028571428571 0.114285714286 0.057142857143
0.200000000000 0.742857142857 0.028571428571 0.028571428571
0.971428571429 0.028571428571 0.000000000000 0.000000000000
0.885714285714 0.000000000000 0.028571428571 0.085714285714
0.000000000000 0.000000000000 0.057142857143 0.942857142857
0.028571428571 0.000000000000 0.914285714286 0.057142857143
0.057142857143 0.057142857143 0.057142857143 0.828571428571
MOTIF K562.DGCR8.5
letter-probability matrix: alength= 4 w= 7
0.000000000000 0.000000000000 0.000000000000 1.000000000000
0.909090909091 0.000000000000 0.000000000000 0.090909090909
0.000000000000 0.636363636364 0.090909090909 0.272727272727
0.000000000000 0.090909090909 0.636363636364 0.272727272727
1.000000000000 0.000000000000 0.000000000000 0.000000000000
0.090909090909 0.000000000000 0.000000000000 0.909090909091
1.000000000000 0.000000000000 0.000000000000 0.000000000000
MOTIF K562.DGCR8.6
letter-probability matrix: alength= 4 w= 7
0.888888888889 0.000000000000 0.000000000000 0.111111111111
0.088888888889 0.000000000000 0.000000000000 0.911111111111
0.022222222222 0.000000000000 0.066666666667 0.911111111111
0.022222222222 0.022222222222 0.844444444444 0.111111111111
0.022222222222 0.866666666667 0.022222222222 0.088888888889
0.888888888889 0.044444444444 0.022222222222 0.044444444444
0.800000000000 0.066666666667 0.000000000000 0.133333333333
MOTIF K562.DGCR8.1
letter-probability matrix: alength= 4 w= 7
0.027777777778 0.027777777778 0.041666666667 0.902777777778
0.000000000000 0.000000000000 0.000000000000 1.000000000000
0.027777777778 0.069444444444 0.722222222222 0.180555555556
0.027777777778 0.055555555556 0.013888888889 0.902777777778
0.847222222222 0.055555555556 0.013888888889 0.083333333333
0.055555555556 0.805555555556 0.083333333333 0.055555555556
0.875000000000 0.055555555556 0.027777777778 0.041666666667
