MEME version 5
ALPHABET= ACGU
Background letter frequencies:A 0.25 C 0.25 G 0.25 U 0.25
MOTIF K562.LIN28B.5
letter-probability matrix: alength= 4 w= 7
0.089918256131 0.123524069028 0.731153496821 0.055404178020
0.811989100817 0.033605812897 0.042688465032 0.111716621253
0.146230699364 0.002724795640 0.789282470481 0.061762034514
0.072661217075 0.007266121708 0.040871934605 0.879200726612
0.014532243415 0.009990917348 0.951861943688 0.023614895550
0.960944595822 0.007266121708 0.018165304269 0.013623978202
0.015440508629 0.009082652134 0.023614895550 0.951861943688
MOTIF K562.LIN28B.0
letter-probability matrix: alength= 4 w= 7
0.871250914411 0.008412582297 0.076444769568 0.043891733723
0.066569129481 0.010241404535 0.038039502560 0.885149963424
0.030724213606 0.019019751280 0.875274323336 0.074981711778
0.963057790783 0.008778346745 0.010607168983 0.017556693489
0.015362106803 0.015727871251 0.036210680322 0.932699341624
0.744696415508 0.038039502560 0.084125822970 0.133138258961
0.072055596196 0.377468910022 0.028163862473 0.522311631309
MOTIF K562.LIN28B.4
letter-probability matrix: alength= 4 w= 7
0.059000000000 0.007000000000 0.021000000000 0.913000000000
0.016000000000 0.024000000000 0.915000000000 0.045000000000
0.981000000000 0.003000000000 0.005000000000 0.011000000000
0.014000000000 0.010000000000 0.022000000000 0.954000000000
0.835000000000 0.028000000000 0.056000000000 0.081000000000
0.064000000000 0.756000000000 0.053000000000 0.127000000000
0.099000000000 0.757000000000 0.045000000000 0.099000000000
MOTIF K562.LIN28B.2
letter-probability matrix: alength= 4 w= 7
0.130650154799 0.139318885449 0.633436532508 0.096594427245
0.099690402477 0.066253869969 0.053250773994 0.780804953560
0.897832817337 0.000000000000 0.076160990712 0.026006191950
0.027863777090 0.007430340557 0.011764705882 0.952941176471
0.021052631579 0.011764705882 0.898452012384 0.068730650155
0.966563467492 0.004334365325 0.010526315789 0.018575851393
0.008049535604 0.009287925697 0.009287925697 0.973374613003
MOTIF K562.LIN28B.3
letter-probability matrix: alength= 4 w= 7
0.114939505523 0.028932140978 0.052603892688 0.803524460810
0.049184639663 0.031036296686 0.818516570226 0.101262493425
0.477643345608 0.023934771173 0.476591267754 0.021830615466
0.320620725934 0.007101525513 0.022356654392 0.649921094161
0.037874802735 0.018937401368 0.897422409258 0.045765386639
0.877432930037 0.038926880589 0.041294055760 0.042346133614
0.051025775907 0.031036296686 0.052340873225 0.865597054182
MOTIF K562.LIN28B.1
letter-probability matrix: alength= 4 w= 7
0.069585879158 0.042090970808 0.409708078751 0.478615071283
0.895790902919 0.005091649695 0.065852002716 0.033265444671
0.048540393754 0.006109979633 0.017990495587 0.927359131025
0.028852681602 0.014596062458 0.891038696538 0.065512559403
0.955872369314 0.011541072641 0.013917175832 0.018669382213
0.025797691785 0.021384928717 0.044467073999 0.908350305499
0.669042769857 0.037338764426 0.152070604209 0.141547861507
