MEME version 5
ALPHABET= ACGU
Background letter frequencies:A 0.25 C 0.25 G 0.25 U 0.25
MOTIF K562.IGF2BP1.3
letter-probability matrix: alength= 4 w= 7
0.020746887967 0.000000000000 0.008298755187 0.970954356846
0.136929460581 0.701244813278 0.058091286307 0.103734439834
0.879668049793 0.062240663900 0.000000000000 0.058091286307
0.933609958506 0.020746887967 0.020746887967 0.024896265560
0.921161825726 0.037344398340 0.004149377593 0.037344398340
0.103734439834 0.800829875519 0.037344398340 0.058091286307
0.854771784232 0.053941908714 0.004149377593 0.087136929461
MOTIF K562.IGF2BP1.4
letter-probability matrix: alength= 4 w= 7
0.044247787611 0.911504424779 0.008849557522 0.035398230088
0.000000000000 0.902654867257 0.008849557522 0.088495575221
0.849557522124 0.035398230088 0.017699115044 0.097345132743
0.026548672566 0.053097345133 0.823008849558 0.097345132743
0.017699115044 0.044247787611 0.026548672566 0.911504424779
0.035398230088 0.876106194690 0.053097345133 0.035398230088
0.752212389381 0.070796460177 0.008849557522 0.168141592920
MOTIF K562.IGF2BP1.1
letter-probability matrix: alength= 4 w= 7
0.051020408163 0.836734693878 0.030612244898 0.081632653061
0.785714285714 0.071428571429 0.000000000000 0.142857142857
0.061224489796 0.030612244898 0.040816326531 0.867346938776
0.846938775510 0.051020408163 0.030612244898 0.071428571429
0.040816326531 0.897959183673 0.020408163265 0.040816326531
0.948979591837 0.000000000000 0.000000000000 0.051020408163
0.030612244898 0.061224489796 0.846938775510 0.061224489796
MOTIF K562.IGF2BP1.7
letter-probability matrix: alength= 4 w= 7
0.000000000000 0.954248366013 0.000000000000 0.045751633987
0.052287581699 0.803921568627 0.019607843137 0.124183006536
0.830065359477 0.058823529412 0.000000000000 0.111111111111
0.026143790850 0.928104575163 0.032679738562 0.013071895425
0.849673202614 0.078431372549 0.019607843137 0.052287581699
0.764705882353 0.058823529412 0.052287581699 0.124183006536
0.032679738562 0.882352941176 0.039215686275 0.045751633987
MOTIF K562.IGF2BP1.8
letter-probability matrix: alength= 4 w= 7
0.738853503185 0.079617834395 0.015923566879 0.165605095541
0.019108280255 0.044585987261 0.012738853503 0.923566878981
0.038216560510 0.006369426752 0.015923566879 0.939490445860
0.025477707006 0.904458598726 0.009554140127 0.060509554140
0.853503184713 0.085987261146 0.000000000000 0.060509554140
0.818471337580 0.044585987261 0.041401273885 0.095541401274
0.085987261146 0.863057324841 0.038216560510 0.012738853503
MOTIF K562.IGF2BP1.2
letter-probability matrix: alength= 4 w= 7
0.100671140940 0.768456375839 0.036912751678 0.093959731544
0.862416107383 0.053691275168 0.000000000000 0.083892617450
0.761744966443 0.043624161074 0.023489932886 0.171140939597
0.046979865772 0.053691275168 0.013422818792 0.885906040268
0.355704697987 0.003355704698 0.000000000000 0.640939597315
0.043624161074 0.882550335570 0.010067114094 0.063758389262
0.895973154362 0.016778523490 0.000000000000 0.087248322148
MOTIF K562.IGF2BP1.0
letter-probability matrix: alength= 4 w= 7
0.046012269939 0.812883435583 0.030674846626 0.110429447853
0.699386503067 0.070552147239 0.009202453988 0.220858895706
0.000000000000 0.000000000000 0.012269938650 0.987730061350
0.009202453988 0.009202453988 0.027607361963 0.953987730061
0.036809815951 0.828220858896 0.015337423313 0.119631901840
0.018404907975 0.941717791411 0.000000000000 0.039877300613
0.895705521472 0.033742331288 0.006134969325 0.064417177914
MOTIF K562.IGF2BP1.6
letter-probability matrix: alength= 4 w= 7
0.011811023622 0.011811023622 0.000000000000 0.976377952756
0.000000000000 0.850393700787 0.019685039370 0.129921259843
0.062992125984 0.811023622047 0.015748031496 0.110236220472
0.893700787402 0.051181102362 0.015748031496 0.039370078740
0.074803149606 0.830708661417 0.055118110236 0.039370078740
0.901574803150 0.051181102362 0.011811023622 0.035433070866
0.783464566929 0.043307086614 0.082677165354 0.090551181102
MOTIF K562.IGF2BP1.5
letter-probability matrix: alength= 4 w= 7
0.031531531532 0.878378378378 0.018018018018 0.072072072072
0.022522522523 0.932432432432 0.000000000000 0.045045045045
0.891891891892 0.040540540541 0.009009009009 0.058558558559
0.067567567568 0.085585585586 0.031531531532 0.815315315315
0.675675675676 0.108108108108 0.031531531532 0.184684684685
0.009009009009 0.022522522523 0.009009009009 0.959459459459
0.018018018018 0.909909909910 0.027027027027 0.045045045045
