MEME version 5
ALPHABET= ACGU
Background letter frequencies:A 0.25 C 0.25 G 0.25 U 0.25
MOTIF K562.TROVE2.4
letter-probability matrix: alength= 4 w= 7
0.086956521739 0.782608695652 0.000000000000 0.130434782609
0.826086956522 0.130434782609 0.000000000000 0.043478260870
0.043478260870 0.869565217391 0.000000000000 0.086956521739
0.000000000000 0.043478260870 0.000000000000 0.956521739130
0.826086956522 0.000000000000 0.086956521739 0.086956521739
0.000000000000 0.086956521739 0.869565217391 0.043478260870
0.000000000000 0.043478260870 0.086956521739 0.869565217391
MOTIF K562.TROVE2.0
letter-probability matrix: alength= 4 w= 7
0.000000000000 0.052631578947 0.947368421053 0.000000000000
0.842105263158 0.105263157895 0.000000000000 0.052631578947
0.157894736842 0.736842105263 0.105263157895 0.000000000000
0.210526315789 0.000000000000 0.684210526316 0.105263157895
0.000000000000 1.000000000000 0.000000000000 0.000000000000
0.000000000000 0.052631578947 0.052631578947 0.894736842105
0.894736842105 0.000000000000 0.052631578947 0.052631578947
MOTIF K562.TROVE2.6
letter-probability matrix: alength= 4 w= 7
1.000000000000 0.000000000000 0.000000000000 0.000000000000
0.300000000000 0.600000000000 0.000000000000 0.100000000000
0.100000000000 0.000000000000 0.900000000000 0.000000000000
0.000000000000 1.000000000000 0.000000000000 0.000000000000
0.100000000000 0.000000000000 0.100000000000 0.800000000000
0.800000000000 0.000000000000 0.200000000000 0.000000000000
0.100000000000 0.000000000000 0.900000000000 0.000000000000
MOTIF K562.TROVE2.7
letter-probability matrix: alength= 4 w= 7
0.840000000000 0.000000000000 0.000000000000 0.160000000000
0.080000000000 0.040000000000 0.120000000000 0.760000000000
0.920000000000 0.000000000000 0.080000000000 0.000000000000
0.920000000000 0.000000000000 0.040000000000 0.040000000000
0.000000000000 0.040000000000 0.920000000000 0.040000000000
0.080000000000 0.840000000000 0.040000000000 0.040000000000
0.120000000000 0.000000000000 0.840000000000 0.040000000000
MOTIF K562.TROVE2.3
letter-probability matrix: alength= 4 w= 7
0.000000000000 0.000000000000 0.014492753623 0.985507246377
0.550724637681 0.086956521739 0.101449275362 0.260869565217
0.057971014493 0.000000000000 0.000000000000 0.942028985507
0.043478260870 0.000000000000 0.855072463768 0.101449275362
0.000000000000 0.956521739130 0.000000000000 0.043478260870
0.000000000000 0.028985507246 0.000000000000 0.971014492754
0.043478260870 0.797101449275 0.072463768116 0.086956521739
MOTIF K562.TROVE2.8
letter-probability matrix: alength= 4 w= 7
0.037500000000 0.037500000000 0.850000000000 0.075000000000
0.887500000000 0.075000000000 0.037500000000 0.000000000000
0.075000000000 0.012500000000 0.037500000000 0.875000000000
0.000000000000 0.012500000000 0.925000000000 0.062500000000
0.075000000000 0.737500000000 0.050000000000 0.137500000000
0.000000000000 0.050000000000 0.062500000000 0.887500000000
0.000000000000 0.012500000000 0.075000000000 0.912500000000
MOTIF K562.TROVE2.1
letter-probability matrix: alength= 4 w= 7
0.000000000000 0.121212121212 0.606060606061 0.272727272727
0.015151515152 0.030303030303 0.000000000000 0.954545454545
0.000000000000 0.030303030303 0.030303030303 0.939393939394
0.030303030303 0.060606060606 0.818181818182 0.090909090909
0.060606060606 0.924242424242 0.015151515152 0.000000000000
0.000000000000 0.045454545455 0.000000000000 0.954545454545
0.030303030303 0.848484848485 0.121212121212 0.000000000000
MOTIF K562.TROVE2.9
letter-probability matrix: alength= 4 w= 7
0.069767441860 0.790697674419 0.023255813953 0.116279069767
0.116279069767 0.162790697674 0.593023255814 0.127906976744
0.011627906977 0.941860465116 0.000000000000 0.046511627907
0.011627906977 0.000000000000 0.000000000000 0.988372093023
0.000000000000 0.906976744186 0.058139534884 0.034883720930
0.011627906977 0.046511627907 0.023255813953 0.918604651163
0.011627906977 0.000000000000 0.046511627907 0.941860465116
MOTIF K562.TROVE2.2
letter-probability matrix: alength= 4 w= 7
0.000000000000 0.842105263158 0.000000000000 0.157894736842
0.105263157895 0.000000000000 0.894736842105 0.000000000000
0.000000000000 0.842105263158 0.105263157895 0.052631578947
0.157894736842 0.105263157895 0.684210526316 0.052631578947
1.000000000000 0.000000000000 0.000000000000 0.000000000000
0.947368421053 0.000000000000 0.052631578947 0.000000000000
0.052631578947 0.000000000000 0.105263157895 0.842105263158
MOTIF K562.TROVE2.5
letter-probability matrix: alength= 4 w= 7
0.000000000000 0.800000000000 0.000000000000 0.200000000000
0.000000000000 0.000000000000 1.000000000000 0.000000000000
0.000000000000 0.000000000000 0.200000000000 0.800000000000
1.000000000000 0.000000000000 0.000000000000 0.000000000000
0.800000000000 0.200000000000 0.000000000000 0.000000000000
0.000000000000 1.000000000000 0.000000000000 0.000000000000
0.000000000000 0.200000000000 0.800000000000 0.000000000000
