MEME version 5
ALPHABET= ACGU
Background letter frequencies:A 0.25 C 0.25 G 0.25 U 0.25
MOTIF K562.EIF4G2.0
letter-probability matrix: alength= 4 w= 7
0.023763998907 0.060092870800 0.016662114176 0.899481016116
0.046162250751 0.016115815351 0.928708003278 0.009013930620
0.034143676591 0.033597377766 0.010925976509 0.921332969134
0.056815077848 0.023217700082 0.900573613767 0.019393608304
0.031685331877 0.086315214422 0.011472275335 0.870527178367
0.062824364928 0.034689975417 0.869980879541 0.032504780115
0.092324501502 0.153783119366 0.047254848402 0.706637530729
MOTIF K562.EIF4G2.2
letter-probability matrix: alength= 4 w= 7
0.067532467532 0.012987012987 0.919480519481 0.000000000000
0.016883116883 0.014285714286 0.006493506494 0.962337662338
0.011688311688 0.005194805195 0.981818181818 0.001298701299
0.149350649351 0.561038961039 0.118181818182 0.171428571429
0.814285714286 0.051948051948 0.096103896104 0.037662337662
0.003896103896 0.015584415584 0.044155844156 0.936363636364
0.001298701299 0.007792207792 0.990909090909 0.000000000000
MOTIF K562.EIF4G2.3
letter-probability matrix: alength= 4 w= 7
0.701587301587 0.063492063492 0.234920634921 0.000000000000
0.012698412698 0.409523809524 0.034920634921 0.542857142857
0.031746031746 0.000000000000 0.965079365079 0.003174603175
0.006349206349 0.006349206349 0.000000000000 0.987301587302
0.006349206349 0.003174603175 0.990476190476 0.000000000000
0.000000000000 0.000000000000 0.000000000000 1.000000000000
0.000000000000 0.000000000000 1.000000000000 0.000000000000
MOTIF K562.EIF4G2.1
letter-probability matrix: alength= 4 w= 7
0.048182086905 0.020691693763 0.922849541827 0.008276677505
0.025716819391 0.025125628141 0.010345846881 0.938811705587
0.044930535028 0.015962163760 0.924623115578 0.014484185634
0.036358261898 0.033993496896 0.018622524387 0.911025716819
0.038723026899 0.029263966893 0.908660951818 0.023352054390
0.046112917529 0.156961276973 0.032219923145 0.764705882353
0.135973987585 0.039314218150 0.772095772983 0.052616021283
