MEME version 5
ALPHABET= ACGU
Background letter frequencies:A 0.25 C 0.25 G 0.25 U 0.25
MOTIF K562.ZNF622.8
letter-probability matrix: alength= 4 w= 7
0.920792079208 0.019801980198 0.023102310231 0.036303630363
0.046204620462 0.039603960396 0.834983498350 0.079207920792
0.092409240924 0.844884488449 0.046204620462 0.016501650165
0.924092409241 0.019801980198 0.023102310231 0.033003300330
0.729372937294 0.046204620462 0.092409240924 0.132013201320
0.036303630363 0.864686468647 0.082508250825 0.016501650165
0.910891089109 0.023102310231 0.013201320132 0.052805280528
MOTIF K562.ZNF622.4
letter-probability matrix: alength= 4 w= 7
0.012820512821 0.000000000000 0.948717948718 0.038461538462
0.038461538462 0.910256410256 0.012820512821 0.038461538462
0.141025641026 0.602564102564 0.076923076923 0.179487179487
0.102564102564 0.076923076923 0.794871794872 0.025641025641
0.923076923077 0.025641025641 0.025641025641 0.025641025641
0.871794871795 0.025641025641 0.102564102564 0.000000000000
0.961538461538 0.000000000000 0.038461538462 0.000000000000
MOTIF K562.ZNF622.5
letter-probability matrix: alength= 4 w= 7
0.000000000000 0.983490566038 0.011792452830 0.004716981132
0.860849056604 0.018867924528 0.035377358491 0.084905660377
0.021226415094 0.016509433962 0.018867924528 0.943396226415
0.009433962264 0.865566037736 0.066037735849 0.058962264151
0.066037735849 0.136792452830 0.766509433962 0.030660377358
0.889150943396 0.007075471698 0.037735849057 0.066037735849
0.058962264151 0.120283018868 0.771226415094 0.049528301887
MOTIF K562.ZNF622.6
letter-probability matrix: alength= 4 w= 7
0.044247787611 0.044247787611 0.029498525074 0.882005899705
0.047197640118 0.852507374631 0.073746312684 0.026548672566
0.852507374631 0.103244837758 0.011799410029 0.032448377581
0.949852507375 0.000000000000 0.017699115044 0.032448377581
0.073746312684 0.085545722714 0.796460176991 0.044247787611
0.079646017699 0.811209439528 0.076696165192 0.032448377581
0.926253687316 0.014749262537 0.020648967552 0.038348082596
MOTIF K562.ZNF622.0
letter-probability matrix: alength= 4 w= 7
0.116731517510 0.682879377432 0.138132295720 0.062256809339
0.908560311284 0.058365758755 0.003891050584 0.029182879377
0.943579766537 0.000000000000 0.038910505837 0.017509727626
0.056420233463 0.042801556420 0.863813229572 0.036964980545
0.618677042802 0.357976653696 0.017509727626 0.005836575875
0.904669260700 0.042801556420 0.019455252918 0.033073929961
0.770428015564 0.035019455253 0.126459143969 0.068093385214
MOTIF K562.ZNF622.2
letter-probability matrix: alength= 4 w= 7
0.064981949458 0.005415162455 0.048736462094 0.880866425993
0.028880866426 0.050541516245 0.853790613718 0.066787003610
0.794223826715 0.075812274368 0.093862815884 0.036101083032
0.059566787004 0.009025270758 0.016245487365 0.915162454874
0.027075812274 0.010830324910 0.904332129964 0.057761732852
0.142599277978 0.036101083032 0.803249097473 0.018050541516
0.916967509025 0.023465703971 0.028880866426 0.030685920578
MOTIF K562.ZNF622.3
letter-probability matrix: alength= 4 w= 7
0.847368421053 0.055263157895 0.055263157895 0.042105263158
0.044736842105 0.852631578947 0.050000000000 0.052631578947
0.000000000000 1.000000000000 0.000000000000 0.000000000000
0.936842105263 0.013157894737 0.015789473684 0.034210526316
0.002631578947 0.010526315789 0.028947368421 0.957894736842
0.000000000000 0.897368421053 0.055263157895 0.047368421053
0.121052631579 0.100000000000 0.592105263158 0.186842105263
MOTIF K562.ZNF622.7
letter-probability matrix: alength= 4 w= 7
0.095541401274 0.066878980892 0.772292993631 0.065286624204
0.842356687898 0.041401273885 0.044585987261 0.071656050955
0.023885350318 0.907643312102 0.025477707006 0.042993630573
0.058917197452 0.025477707006 0.025477707006 0.890127388535
0.025477707006 0.015923566879 0.014331210191 0.944267515924
0.004777070064 0.944267515924 0.017515923567 0.033439490446
0.818471337580 0.057324840764 0.050955414013 0.073248407643
MOTIF K562.ZNF622.1
letter-probability matrix: alength= 4 w= 7
0.866197183099 0.038732394366 0.077464788732 0.017605633803
0.919014084507 0.000000000000 0.021126760563 0.059859154930
0.042253521127 0.035211267606 0.915492957746 0.007042253521
0.933098591549 0.028169014085 0.021126760563 0.017605633803
0.901408450704 0.028169014085 0.028169014085 0.042253521127
0.109154929577 0.732394366197 0.116197183099 0.042253521127
0.080985915493 0.771126760563 0.021126760563 0.126760563380
