MEME version 5
ALPHABET= ACGU
Background letter frequencies:A 0.25 C 0.25 G 0.25 U 0.25
MOTIF K562.RBM27.1
letter-probability matrix: alength= 4 w= 7
1.000000000000 0.000000000000 0.000000000000 0.000000000000
0.000000000000 0.000000000000 0.111111111111 0.888888888889
0.000000000000 0.000000000000 0.111111111111 0.888888888889
1.000000000000 0.000000000000 0.000000000000 0.000000000000
0.000000000000 0.111111111111 0.888888888889 0.000000000000
0.000000000000 0.777777777778 0.222222222222 0.000000000000
0.222222222222 0.000000000000 0.555555555556 0.222222222222
MOTIF K562.RBM27.2
letter-probability matrix: alength= 4 w= 7
0.000000000000 0.000000000000 0.000000000000 1.000000000000
0.083333333333 0.000000000000 0.750000000000 0.166666666667
0.083333333333 0.083333333333 0.000000000000 0.833333333333
0.750000000000 0.083333333333 0.000000000000 0.166666666667
0.000000000000 1.000000000000 0.000000000000 0.000000000000
0.083333333333 0.083333333333 0.000000000000 0.833333333333
0.000000000000 0.833333333333 0.000000000000 0.166666666667
MOTIF K562.RBM27.4
letter-probability matrix: alength= 4 w= 7
0.090909090909 0.000000000000 0.909090909091 0.000000000000
0.000000000000 0.000000000000 0.000000000000 1.000000000000
0.000000000000 0.000000000000 1.000000000000 0.000000000000
0.818181818182 0.090909090909 0.000000000000 0.090909090909
0.000000000000 0.363636363636 0.545454545455 0.090909090909
0.000000000000 0.000000000000 1.000000000000 0.000000000000
0.000000000000 0.090909090909 0.000000000000 0.909090909091
MOTIF K562.RBM27.0
letter-probability matrix: alength= 4 w= 7
0.222222222222 0.777777777778 0.000000000000 0.000000000000
0.000000000000 0.333333333333 0.666666666667 0.000000000000
0.000000000000 1.000000000000 0.000000000000 0.000000000000
0.000000000000 0.000000000000 1.000000000000 0.000000000000
0.000000000000 1.000000000000 0.000000000000 0.000000000000
0.555555555556 0.111111111111 0.333333333333 0.000000000000
0.000000000000 0.000000000000 0.000000000000 1.000000000000
MOTIF K562.RBM27.3
letter-probability matrix: alength= 4 w= 7
0.000000000000 1.000000000000 0.000000000000 0.000000000000
0.000000000000 0.133333333333 0.266666666667 0.600000000000
0.000000000000 0.933333333333 0.000000000000 0.066666666667
0.000000000000 0.200000000000 0.800000000000 0.000000000000
0.000000000000 0.000000000000 0.000000000000 1.000000000000
0.066666666667 0.066666666667 0.866666666667 0.000000000000
0.000000000000 0.000000000000 0.000000000000 1.000000000000
