MEME version 5
ALPHABET= ACGU
Background letter frequencies:A 0.25 C 0.25 G 0.25 U 0.25
MOTIF K562.RBM22.6
letter-probability matrix: alength= 4 w= 7
0.025974025974 0.000000000000 0.051948051948 0.922077922078
0.025974025974 0.051948051948 0.012987012987 0.909090909091
0.805194805195 0.000000000000 0.090909090909 0.103896103896
0.077922077922 0.051948051948 0.818181818182 0.051948051948
0.857142857143 0.038961038961 0.038961038961 0.064935064935
0.038961038961 0.909090909091 0.025974025974 0.025974025974
0.077922077922 0.857142857143 0.000000000000 0.064935064935
MOTIF K562.RBM22.2
letter-probability matrix: alength= 4 w= 7
0.045454545455 0.022727272727 0.022727272727 0.909090909091
0.829545454545 0.022727272727 0.090909090909 0.056818181818
0.909090909091 0.000000000000 0.022727272727 0.068181818182
0.079545454545 0.045454545455 0.795454545455 0.079545454545
0.045454545455 0.011363636364 0.011363636364 0.931818181818
0.056818181818 0.784090909091 0.056818181818 0.102272727273
0.011363636364 0.034090909091 0.000000000000 0.954545454545
MOTIF K562.RBM22.3
letter-probability matrix: alength= 4 w= 7
0.042780748663 0.855614973262 0.048128342246 0.053475935829
0.026737967914 0.866310160428 0.000000000000 0.106951871658
0.016042780749 0.048128342246 0.000000000000 0.935828877005
0.000000000000 0.000000000000 0.037433155080 0.962566844920
0.016042780749 0.069518716578 0.882352941176 0.032085561497
0.673796791444 0.037433155080 0.181818181818 0.106951871658
0.037433155080 0.037433155080 0.887700534759 0.037433155080
MOTIF K562.RBM22.0
letter-probability matrix: alength= 4 w= 7
0.062176165803 0.010362694301 0.834196891192 0.093264248705
0.041450777202 0.020725388601 0.860103626943 0.077720207254
0.129533678756 0.062176165803 0.098445595855 0.709844559585
0.834196891192 0.031088082902 0.041450777202 0.093264248705
0.518134715026 0.398963730570 0.036269430052 0.046632124352
0.041450777202 0.056994818653 0.000000000000 0.901554404145
0.139896373057 0.005181347150 0.031088082902 0.823834196891
MOTIF K562.RBM22.5
letter-probability matrix: alength= 4 w= 7
0.044444444444 0.035555555556 0.835555555556 0.084444444444
0.053333333333 0.097777777778 0.804444444444 0.044444444444
0.031111111111 0.835555555556 0.066666666667 0.066666666667
0.013333333333 0.026666666667 0.013333333333 0.946666666667
0.000000000000 0.017777777778 0.004444444444 0.977777777778
0.000000000000 0.057777777778 0.080000000000 0.862222222222
0.017777777778 0.826666666667 0.080000000000 0.075555555556
MOTIF K562.RBM22.4
letter-probability matrix: alength= 4 w= 7
0.028708133971 0.062200956938 0.760765550239 0.148325358852
0.062200956938 0.019138755981 0.076555023923 0.842105263158
0.334928229665 0.019138755981 0.622009569378 0.023923444976
0.846889952153 0.014354066986 0.086124401914 0.052631578947
0.081339712919 0.052631578947 0.755980861244 0.110047846890
0.014354066986 0.019138755981 0.043062200957 0.923444976077
0.004784688995 0.004784688995 0.019138755981 0.971291866029
MOTIF K562.RBM22.1
letter-probability matrix: alength= 4 w= 7
0.975000000000 0.025000000000 0.000000000000 0.000000000000
0.900000000000 0.100000000000 0.000000000000 0.000000000000
0.050000000000 0.925000000000 0.025000000000 0.000000000000
0.875000000000 0.000000000000 0.050000000000 0.075000000000
0.075000000000 0.800000000000 0.025000000000 0.100000000000
0.125000000000 0.100000000000 0.550000000000 0.225000000000
0.000000000000 0.000000000000 0.025000000000 0.975000000000
