MEME version 5
ALPHABET= ACGU
Background letter frequencies:A 0.25 C 0.25 G 0.25 U 0.25
MOTIF K562.AARS.1
letter-probability matrix: alength= 4 w= 7
0.000000000000 0.000000000000 0.846153846154 0.153846153846
0.615384615385 0.000000000000 0.076923076923 0.307692307692
0.153846153846 0.769230769231 0.076923076923 0.000000000000
1.000000000000 0.000000000000 0.000000000000 0.000000000000
0.000000000000 0.076923076923 0.000000000000 0.923076923077
0.923076923077 0.000000000000 0.000000000000 0.076923076923
0.000000000000 0.000000000000 0.923076923077 0.076923076923
MOTIF K562.AARS.9
letter-probability matrix: alength= 4 w= 7
1.000000000000 0.000000000000 0.000000000000 0.000000000000
0.285714285714 0.000000000000 0.714285714286 0.000000000000
0.000000000000 0.428571428571 0.000000000000 0.571428571429
0.000000000000 0.000000000000 0.000000000000 1.000000000000
0.000000000000 1.000000000000 0.000000000000 0.000000000000
0.857142857143 0.142857142857 0.000000000000 0.000000000000
0.142857142857 0.857142857143 0.000000000000 0.000000000000
MOTIF K562.AARS.8
letter-probability matrix: alength= 4 w= 7
0.058823529412 0.000000000000 0.058823529412 0.882352941176
0.058823529412 0.117647058824 0.705882352941 0.117647058824
1.000000000000 0.000000000000 0.000000000000 0.000000000000
0.058823529412 0.000000000000 0.941176470588 0.000000000000
0.823529411765 0.058823529412 0.058823529412 0.058823529412
0.058823529412 0.882352941176 0.000000000000 0.058823529412
0.941176470588 0.000000000000 0.058823529412 0.000000000000
MOTIF K562.AARS.7
letter-probability matrix: alength= 4 w= 7
0.111111111111 0.000000000000 0.666666666667 0.222222222222
0.000000000000 0.000000000000 0.000000000000 1.000000000000
0.000000000000 0.777777777778 0.000000000000 0.222222222222
1.000000000000 0.000000000000 0.000000000000 0.000000000000
0.000000000000 0.111111111111 0.888888888889 0.000000000000
1.000000000000 0.000000000000 0.000000000000 0.000000000000
0.111111111111 0.777777777778 0.000000000000 0.111111111111
MOTIF K562.AARS.3
letter-probability matrix: alength= 4 w= 7
0.250000000000 0.250000000000 0.500000000000 0.000000000000
0.000000000000 0.000000000000 0.000000000000 1.000000000000
0.000000000000 0.000000000000 0.000000000000 1.000000000000
0.500000000000 0.000000000000 0.000000000000 0.500000000000
0.000000000000 1.000000000000 0.000000000000 0.000000000000
0.000000000000 1.000000000000 0.000000000000 0.000000000000
1.000000000000 0.000000000000 0.000000000000 0.000000000000
MOTIF K562.AARS.2
letter-probability matrix: alength= 4 w= 7
0.083333333333 0.000000000000 0.750000000000 0.166666666667
0.750000000000 0.000000000000 0.250000000000 0.000000000000
0.000000000000 0.000000000000 0.083333333333 0.916666666667
0.000000000000 0.916666666667 0.000000000000 0.083333333333
0.916666666667 0.083333333333 0.000000000000 0.000000000000
0.083333333333 0.000000000000 0.000000000000 0.916666666667
0.833333333333 0.083333333333 0.000000000000 0.083333333333
MOTIF K562.AARS.6
letter-probability matrix: alength= 4 w= 7
0.200000000000 0.000000000000 0.600000000000 0.200000000000
0.000000000000 0.000000000000 0.200000000000 0.800000000000
0.000000000000 1.000000000000 0.000000000000 0.000000000000
0.000000000000 1.000000000000 0.000000000000 0.000000000000
0.000000000000 1.000000000000 0.000000000000 0.000000000000
0.800000000000 0.200000000000 0.000000000000 0.000000000000
0.800000000000 0.000000000000 0.000000000000 0.200000000000
MOTIF K562.AARS.0
letter-probability matrix: alength= 4 w= 7
0.000000000000 0.000000000000 0.000000000000 1.000000000000
0.333333333333 0.000000000000 0.333333333333 0.333333333333
0.000000000000 0.000000000000 1.000000000000 0.000000000000
0.000000000000 1.000000000000 0.000000000000 0.000000000000
0.000000000000 0.000000000000 0.000000000000 1.000000000000
1.000000000000 0.000000000000 0.000000000000 0.000000000000
0.000000000000 0.000000000000 1.000000000000 0.000000000000
MOTIF K562.AARS.5
letter-probability matrix: alength= 4 w= 7
0.000000000000 0.000000000000 0.000000000000 1.000000000000
0.000000000000 0.000000000000 1.000000000000 0.000000000000
0.000000000000 0.000000000000 0.000000000000 1.000000000000
0.000000000000 1.000000000000 0.000000000000 0.000000000000
0.000000000000 0.250000000000 0.500000000000 0.250000000000
0.000000000000 0.000000000000 0.125000000000 0.875000000000
0.625000000000 0.125000000000 0.250000000000 0.000000000000
MOTIF K562.AARS.4
letter-probability matrix: alength= 4 w= 7
0.857142857143 0.000000000000 0.000000000000 0.142857142857
0.857142857143 0.000000000000 0.142857142857 0.000000000000
0.000000000000 0.000000000000 0.857142857143 0.142857142857
0.000000000000 0.285714285714 0.714285714286 0.000000000000
0.142857142857 0.857142857143 0.000000000000 0.000000000000
0.000000000000 0.857142857143 0.000000000000 0.142857142857
0.000000000000 0.000000000000 0.000000000000 1.000000000000
