MEME version 5
ALPHABET= ACGU
Background letter frequencies:A 0.25 C 0.25 G 0.25 U 0.25
MOTIF K562.SND1.2
letter-probability matrix: alength= 4 w= 7
0.031746031746 0.793650793651 0.039682539683 0.134920634921
0.055555555556 0.047619047619 0.000000000000 0.896825396825
0.833333333333 0.079365079365 0.039682539683 0.047619047619
0.000000000000 0.944444444444 0.023809523810 0.031746031746
0.912698412698 0.039682539683 0.015873015873 0.031746031746
0.023809523810 0.880952380952 0.031746031746 0.063492063492
0.841269841270 0.063492063492 0.047619047619 0.047619047619
MOTIF K562.SND1.3
letter-probability matrix: alength= 4 w= 7
0.000000000000 0.029702970297 0.000000000000 0.970297029703
0.019801980198 0.009900990099 0.000000000000 0.970297029703
0.049504950495 0.643564356436 0.079207920792 0.227722772277
0.118811881188 0.059405940594 0.722772277228 0.099009900990
0.930693069307 0.019801980198 0.029702970297 0.019801980198
0.841584158416 0.069306930693 0.079207920792 0.009900990099
0.039603960396 0.940594059406 0.000000000000 0.019801980198
MOTIF K562.SND1.5
letter-probability matrix: alength= 4 w= 7
0.075471698113 0.566037735849 0.018867924528 0.339622641509
0.018867924528 0.056603773585 0.811320754717 0.113207547170
0.018867924528 0.000000000000 0.000000000000 0.981132075472
0.018867924528 0.037735849057 0.943396226415 0.000000000000
0.018867924528 0.849056603774 0.056603773585 0.075471698113
0.886792452830 0.018867924528 0.056603773585 0.037735849057
0.000000000000 0.000000000000 0.000000000000 1.000000000000
MOTIF K562.SND1.4
letter-probability matrix: alength= 4 w= 7
0.017441860465 0.098837209302 0.046511627907 0.837209302326
0.709302325581 0.046511627907 0.058139534884 0.186046511628
0.040697674419 0.040697674419 0.023255813953 0.895348837209
0.017441860465 0.906976744186 0.023255813953 0.052325581395
0.889534883721 0.023255813953 0.000000000000 0.087209302326
0.029069767442 0.017441860465 0.034883720930 0.918604651163
0.017441860465 0.883720930233 0.029069767442 0.069767441860
MOTIF K562.SND1.9
letter-probability matrix: alength= 4 w= 7
0.955882352941 0.014705882353 0.000000000000 0.029411764706
0.073529411765 0.823529411765 0.044117647059 0.058823529412
0.044117647059 0.926470588235 0.014705882353 0.014705882353
0.000000000000 0.029411764706 0.000000000000 0.970588235294
0.750000000000 0.014705882353 0.176470588235 0.058823529412
0.044117647059 0.852941176471 0.014705882353 0.088235294118
0.088235294118 0.102941176471 0.750000000000 0.058823529412
MOTIF K562.SND1.7
letter-probability matrix: alength= 4 w= 7
0.000000000000 0.125000000000 0.763888888889 0.111111111111
0.000000000000 0.000000000000 0.069444444444 0.930555555556
0.013888888889 0.069444444444 0.000000000000 0.916666666667
0.000000000000 0.986111111111 0.013888888889 0.000000000000
0.916666666667 0.027777777778 0.000000000000 0.055555555556
0.069444444444 0.805555555556 0.055555555556 0.069444444444
0.111111111111 0.097222222222 0.722222222222 0.069444444444
MOTIF K562.SND1.8
letter-probability matrix: alength= 4 w= 7
0.883333333333 0.016666666667 0.000000000000 0.100000000000
0.000000000000 0.983333333333 0.016666666667 0.000000000000
0.016666666667 0.066666666667 0.000000000000 0.916666666667
0.900000000000 0.000000000000 0.083333333333 0.016666666667
0.033333333333 0.866666666667 0.000000000000 0.100000000000
0.100000000000 0.083333333333 0.733333333333 0.083333333333
0.066666666667 0.783333333333 0.050000000000 0.100000000000
MOTIF K562.SND1.6
letter-probability matrix: alength= 4 w= 7
0.798657718121 0.046979865772 0.026845637584 0.127516778523
0.046979865772 0.006711409396 0.006711409396 0.939597315436
0.026845637584 0.013422818792 0.020134228188 0.939597315436
0.053691275168 0.067114093960 0.778523489933 0.100671140940
0.046979865772 0.885906040268 0.020134228188 0.046979865772
0.865771812081 0.073825503356 0.013422818792 0.046979865772
0.067114093960 0.838926174497 0.053691275168 0.040268456376
MOTIF K562.SND1.0
letter-probability matrix: alength= 4 w= 7
0.008695652174 0.034782608696 0.026086956522 0.930434782609
0.600000000000 0.095652173913 0.121739130435 0.182608695652
0.017391304348 0.008695652174 0.034782608696 0.939130434783
0.043478260870 0.008695652174 0.921739130435 0.026086956522
0.086956521739 0.060869565217 0.800000000000 0.052173913043
0.052173913043 0.895652173913 0.043478260870 0.008695652174
0.008695652174 0.947826086957 0.017391304348 0.026086956522
MOTIF K562.SND1.1
letter-probability matrix: alength= 4 w= 7
0.024390243902 0.081300813008 0.040650406504 0.853658536585
0.804878048780 0.016260162602 0.040650406504 0.138211382114
0.056910569106 0.845528455285 0.032520325203 0.065040650407
0.040650406504 0.894308943089 0.016260162602 0.048780487805
0.040650406504 0.032520325203 0.008130081301 0.918699186992
0.837398373984 0.032520325203 0.097560975610 0.032520325203
0.048780487805 0.902439024390 0.016260162602 0.032520325203
