MEME version 5
ALPHABET= ACGU
Background letter frequencies:A 0.25 C 0.25 G 0.25 U 0.25
MOTIF K562.TRA2A.4
letter-probability matrix: alength= 4 w= 7
0.865671641791 0.003731343284 0.057835820896 0.072761194030
0.048507462687 0.050373134328 0.856343283582 0.044776119403
0.880597014925 0.041044776119 0.044776119403 0.033582089552
0.893656716418 0.016791044776 0.054104477612 0.035447761194
0.054104477612 0.026119402985 0.908582089552 0.011194029851
0.643656716418 0.253731343284 0.069029850746 0.033582089552
0.832089552239 0.044776119403 0.061567164179 0.061567164179
MOTIF K562.TRA2A.1
letter-probability matrix: alength= 4 w= 7
0.937888198758 0.031055900621 0.010351966874 0.020703933747
0.937888198758 0.000000000000 0.037267080745 0.024844720497
0.043478260870 0.020703933747 0.917184265010 0.018633540373
0.886128364389 0.035196687371 0.047619047619 0.031055900621
0.739130434783 0.037267080745 0.171842650104 0.051759834369
0.144927536232 0.503105590062 0.262939958592 0.089026915114
0.546583850932 0.198757763975 0.016563146998 0.238095238095
MOTIF K562.TRA2A.0
letter-probability matrix: alength= 4 w= 7
0.046448087432 0.292349726776 0.633879781421 0.027322404372
0.923497267760 0.024590163934 0.027322404372 0.024590163934
0.945355191257 0.000000000000 0.035519125683 0.019125683060
0.038251366120 0.024590163934 0.923497267760 0.013661202186
0.857923497268 0.049180327869 0.068306010929 0.024590163934
0.882513661202 0.024590163934 0.062841530055 0.030054644809
0.620218579235 0.062841530055 0.232240437158 0.084699453552
MOTIF K562.TRA2A.2
letter-probability matrix: alength= 4 w= 7
0.176744186047 0.009302325581 0.041860465116 0.772093023256
0.097674418605 0.013953488372 0.767441860465 0.120930232558
0.032558139535 0.023255813953 0.944186046512 0.000000000000
0.953488372093 0.000000000000 0.027906976744 0.018604651163
0.860465116279 0.009302325581 0.074418604651 0.055813953488
0.013953488372 0.023255813953 0.939534883721 0.023255813953
0.883720930233 0.032558139535 0.065116279070 0.018604651163
MOTIF K562.TRA2A.3
letter-probability matrix: alength= 4 w= 7
0.918149466192 0.014234875445 0.042704626335 0.024911032028
0.921708185053 0.017793594306 0.035587188612 0.024911032028
0.024911032028 0.014234875445 0.921708185053 0.039145907473
0.829181494662 0.042704626335 0.103202846975 0.024911032028
0.896797153025 0.035587188612 0.039145907473 0.028469750890
0.779359430605 0.021352313167 0.153024911032 0.046263345196
0.088967971530 0.042704626335 0.790035587189 0.078291814947
