MEME version 5
ALPHABET= ACGU
Background letter frequencies:A 0.25 C 0.25 G 0.25 U 0.25
MOTIF K562.SAFB2.7
letter-probability matrix: alength= 4 w= 7
0.741418764302 0.002288329519 0.208237986270 0.048054919908
0.011441647597 0.016018306636 0.961098398169 0.011441647597
0.942791762014 0.002288329519 0.034324942792 0.020594965675
0.048054919908 0.002288329519 0.942791762014 0.006864988558
0.045766590389 0.009153318078 0.942791762014 0.002288329519
0.102974828375 0.540045766590 0.327231121281 0.029748283753
0.956521739130 0.016018306636 0.004576659039 0.022883295195
MOTIF K562.SAFB2.8
letter-probability matrix: alength= 4 w= 7
0.014362657092 0.000000000000 0.973070017953 0.012567324955
0.019748653501 0.012567324955 0.962298025135 0.005385996409
0.935368043088 0.000000000000 0.052064631957 0.012567324955
0.035906642729 0.000000000000 0.956912028725 0.007181328546
0.062836624776 0.016157989228 0.184919210054 0.736086175943
0.025134649910 0.025134649910 0.868940754039 0.080789946140
0.118491921005 0.055655296230 0.183123877917 0.642728904847
MOTIF K562.SAFB2.6
letter-probability matrix: alength= 4 w= 7
0.042005420054 0.785907859079 0.157181571816 0.014905149051
0.983739837398 0.000000000000 0.006775067751 0.009485094851
0.031165311653 0.000000000000 0.960704607046 0.008130081301
0.000000000000 0.000000000000 1.000000000000 0.000000000000
0.000000000000 0.000000000000 1.000000000000 0.000000000000
0.985094850949 0.000000000000 0.014905149051 0.000000000000
0.294037940379 0.000000000000 0.703252032520 0.002710027100
MOTIF K562.SAFB2.5
letter-probability matrix: alength= 4 w= 7
0.367892976589 0.206141684403 0.215871085436 0.210094253573
0.931894192764 0.000000000000 0.056856187291 0.011249619945
0.005472788081 0.000000000000 0.991486774095 0.003040437823
0.023715415020 0.000000000000 0.964730921253 0.011553663728
0.306172088781 0.009121313469 0.680145941016 0.004560656735
0.931894192764 0.000000000000 0.062937062937 0.005168744299
0.017938583156 0.000000000000 0.978108847674 0.003952569170
MOTIF K562.SAFB2.1
letter-probability matrix: alength= 4 w= 7
0.017432646593 0.058637083994 0.044374009509 0.879556259905
0.969889064976 0.007131537242 0.009508716323 0.013470681458
0.553882725832 0.000000000000 0.425515055468 0.020602218700
0.034072900158 0.000000000000 0.946909667195 0.019017432647
0.030903328051 0.010301109350 0.949286846276 0.009508716323
0.996038034865 0.000000000000 0.000000000000 0.003961965135
0.019017432647 0.000000000000 0.980982567353 0.000000000000
MOTIF K562.SAFB2.2
letter-probability matrix: alength= 4 w= 7
0.927958015267 0.000000000000 0.050095419847 0.021946564885
0.026717557252 0.000000000000 0.962786259542 0.010496183206
0.029580152672 0.011927480916 0.944656488550 0.013835877863
0.583015267176 0.035782442748 0.361641221374 0.019561068702
0.916984732824 0.002385496183 0.069179389313 0.011450381679
0.023377862595 0.001431297710 0.969465648855 0.005725190840
0.072041984733 0.070133587786 0.820610687023 0.037213740458
MOTIF K562.SAFB2.4
letter-probability matrix: alength= 4 w= 7
0.968397291196 0.000000000000 0.019563581640 0.012039127163
0.057938299473 0.000000000000 0.936418359669 0.005643340858
0.025959367946 0.001128668172 0.966892400301 0.006019563582
0.056809631302 0.011286681716 0.922121896163 0.009781790820
0.966892400301 0.000000000000 0.021068472536 0.012039127163
0.013920240783 0.006395786305 0.966892400301 0.012791572611
0.508653122649 0.115124153499 0.285176824680 0.091045899172
MOTIF K562.SAFB2.3
letter-probability matrix: alength= 4 w= 7
0.049180327869 0.000000000000 0.891803278689 0.059016393443
0.026229508197 0.004918032787 0.952459016393 0.016393442623
0.918032786885 0.009836065574 0.065573770492 0.006557377049
0.731147540984 0.018032786885 0.237704918033 0.013114754098
0.750819672131 0.000000000000 0.227868852459 0.021311475410
0.042622950820 0.014754098361 0.908196721311 0.034426229508
0.875409836066 0.019672131148 0.088524590164 0.016393442623
MOTIF K562.SAFB2.0
letter-probability matrix: alength= 4 w= 7
0.928870292887 0.004184100418 0.037656903766 0.029288702929
0.050209205021 0.000000000000 0.924686192469 0.025104602510
0.037656903766 0.000000000000 0.945606694561 0.016736401674
0.041841004184 0.041841004184 0.891213389121 0.025104602510
0.154811715481 0.577405857741 0.225941422594 0.041841004184
0.916317991632 0.062761506276 0.012552301255 0.008368200837
0.857740585774 0.000000000000 0.121338912134 0.020920502092
