MEME version 5
ALPHABET= ACGU
Background letter frequencies:A 0.25 C 0.25 G 0.25 U 0.25
MOTIF K562.FTO.1
letter-probability matrix: alength= 4 w= 7
0.538461538462 0.307692307692 0.076923076923 0.076923076923
0.000000000000 0.000000000000 1.000000000000 0.000000000000
0.000000000000 0.923076923077 0.076923076923 0.000000000000
0.000000000000 0.038461538462 0.884615384615 0.076923076923
0.000000000000 0.807692307692 0.115384615385 0.076923076923
0.000000000000 0.038461538462 0.961538461538 0.000000000000
0.038461538462 0.923076923077 0.000000000000 0.038461538462
MOTIF K562.FTO.2
letter-probability matrix: alength= 4 w= 7
0.000000000000 0.666666666667 0.333333333333 0.000000000000
0.000000000000 0.000000000000 1.000000000000 0.000000000000
0.000000000000 0.666666666667 0.333333333333 0.000000000000
0.000000000000 0.000000000000 1.000000000000 0.000000000000
0.000000000000 0.000000000000 0.000000000000 1.000000000000
0.000000000000 0.000000000000 0.000000000000 1.000000000000
0.666666666667 0.000000000000 0.333333333333 0.000000000000
MOTIF K562.FTO.0
letter-probability matrix: alength= 4 w= 7
0.000000000000 0.033333333333 0.900000000000 0.066666666667
0.966666666667 0.033333333333 0.000000000000 0.000000000000
0.000000000000 0.000000000000 0.933333333333 0.066666666667
0.933333333333 0.066666666667 0.000000000000 0.000000000000
0.100000000000 0.733333333333 0.066666666667 0.100000000000
0.900000000000 0.033333333333 0.000000000000 0.066666666667
0.033333333333 0.000000000000 0.300000000000 0.666666666667
