MEME version 5
ALPHABET= ACGU
Background letter frequencies:A 0.25 C 0.25 G 0.25 U 0.25
MOTIF K562.GNL3.1
letter-probability matrix: alength= 4 w= 7
0.028571428571 0.771428571429 0.000000000000 0.200000000000
0.028571428571 0.028571428571 0.000000000000 0.942857142857
0.057142857143 0.028571428571 0.885714285714 0.028571428571
0.942857142857 0.000000000000 0.028571428571 0.028571428571
0.142857142857 0.000000000000 0.828571428571 0.028571428571
0.857142857143 0.028571428571 0.085714285714 0.028571428571
0.057142857143 0.828571428571 0.057142857143 0.057142857143
MOTIF K562.GNL3.7
letter-probability matrix: alength= 4 w= 7
0.000000000000 0.086956521739 0.000000000000 0.913043478261
0.043478260870 0.869565217391 0.043478260870 0.043478260870
1.000000000000 0.000000000000 0.000000000000 0.000000000000
0.000000000000 0.782608695652 0.130434782609 0.086956521739
0.000000000000 0.000000000000 0.000000000000 1.000000000000
0.652173913043 0.043478260870 0.086956521739 0.217391304348
0.086956521739 0.000000000000 0.043478260870 0.869565217391
MOTIF K562.GNL3.2
letter-probability matrix: alength= 4 w= 7
0.238095238095 0.571428571429 0.047619047619 0.142857142857
0.095238095238 0.047619047619 0.619047619048 0.238095238095
0.000000000000 0.000000000000 0.095238095238 0.904761904762
0.000000000000 0.000000000000 0.047619047619 0.952380952381
0.952380952381 0.000000000000 0.000000000000 0.047619047619
1.000000000000 0.000000000000 0.000000000000 0.000000000000
1.000000000000 0.000000000000 0.000000000000 0.000000000000
MOTIF K562.GNL3.5
letter-probability matrix: alength= 4 w= 7
0.086956521739 0.086956521739 0.000000000000 0.826086956522
0.869565217391 0.000000000000 0.130434782609 0.000000000000
0.956521739130 0.000000000000 0.000000000000 0.043478260870
0.173913043478 0.782608695652 0.043478260870 0.000000000000
0.956521739130 0.000000000000 0.000000000000 0.043478260870
0.130434782609 0.869565217391 0.000000000000 0.000000000000
0.086956521739 0.826086956522 0.043478260870 0.043478260870
MOTIF K562.GNL3.4
letter-probability matrix: alength= 4 w= 7
0.961538461538 0.000000000000 0.038461538462 0.000000000000
0.384615384615 0.538461538462 0.038461538462 0.038461538462
0.923076923077 0.038461538462 0.000000000000 0.038461538462
0.000000000000 0.807692307692 0.000000000000 0.192307692308
0.000000000000 0.076923076923 0.038461538462 0.884615384615
0.000000000000 0.000000000000 0.000000000000 1.000000000000
0.038461538462 0.000000000000 0.923076923077 0.038461538462
MOTIF K562.GNL3.6
letter-probability matrix: alength= 4 w= 7
0.000000000000 0.058823529412 0.823529411765 0.117647058824
0.705882352941 0.000000000000 0.058823529412 0.235294117647
0.176470588235 0.000000000000 0.000000000000 0.823529411765
0.000000000000 0.058823529412 0.000000000000 0.941176470588
0.117647058824 0.764705882353 0.000000000000 0.117647058824
0.000000000000 0.000000000000 0.000000000000 1.000000000000
0.000000000000 1.000000000000 0.000000000000 0.000000000000
MOTIF K562.GNL3.8
letter-probability matrix: alength= 4 w= 7
0.142857142857 0.071428571429 0.714285714286 0.071428571429
0.892857142857 0.035714285714 0.071428571429 0.000000000000
0.107142857143 0.750000000000 0.071428571429 0.071428571429
0.000000000000 0.035714285714 0.000000000000 0.964285714286
0.821428571429 0.035714285714 0.071428571429 0.071428571429
0.928571428571 0.000000000000 0.035714285714 0.035714285714
0.928571428571 0.000000000000 0.071428571429 0.000000000000
MOTIF K562.GNL3.0
letter-probability matrix: alength= 4 w= 7
0.060606060606 0.787878787879 0.030303030303 0.121212121212
0.151515151515 0.090909090909 0.606060606061 0.151515151515
0.272727272727 0.030303030303 0.000000000000 0.696969696970
0.000000000000 0.000000000000 0.030303030303 0.969696969697
0.696969696970 0.060606060606 0.090909090909 0.151515151515
0.000000000000 0.000000000000 0.000000000000 1.000000000000
0.000000000000 0.030303030303 0.000000000000 0.969696969697
MOTIF K562.GNL3.3
letter-probability matrix: alength= 4 w= 7
0.166666666667 0.033333333333 0.733333333333 0.066666666667
0.966666666667 0.000000000000 0.033333333333 0.000000000000
0.933333333333 0.000000000000 0.033333333333 0.033333333333
0.100000000000 0.033333333333 0.133333333333 0.733333333333
0.900000000000 0.000000000000 0.066666666667 0.033333333333
0.933333333333 0.033333333333 0.000000000000 0.033333333333
0.100000000000 0.866666666667 0.033333333333 0.000000000000
