MEME version 5
ALPHABET= ACGU
Background letter frequencies:A 0.25 C 0.25 G 0.25 U 0.25
MOTIF K562.TIA1.2
letter-probability matrix: alength= 4 w= 7
0.043113772455 0.760479041916 0.037125748503 0.159281437126
0.015568862275 0.032934131737 0.002994011976 0.948502994012
0.005988023952 0.038323353293 0.034730538922 0.920958083832
0.015568862275 0.009580838323 0.040718562874 0.934131736527
0.030538922156 0.008982035928 0.916766467066 0.043712574850
0.032934131737 0.082035928144 0.827544910180 0.057485029940
0.038323353293 0.075449101796 0.133532934132 0.752694610778
MOTIF K562.TIA1.5
letter-probability matrix: alength= 4 w= 7
0.034695019586 0.060436485730 0.050923335199 0.853945159485
0.026860660325 0.819809736989 0.044208170118 0.109121432569
0.032456631226 0.015668718523 0.016787912703 0.935086737549
0.024622271964 0.019585898153 0.862339115837 0.093452714046
0.032456631226 0.071628427532 0.831001678791 0.064913262451
0.013989927252 0.878007834359 0.054280917739 0.053721320649
0.034695019586 0.060996082820 0.015668718523 0.888640179071
MOTIF K562.TIA1.0
letter-probability matrix: alength= 4 w= 7
0.047483380817 0.050142450142 0.045014245014 0.857359924027
0.049762583096 0.680151946819 0.057929724596 0.212155745489
0.014434947768 0.064387464387 0.006837606838 0.914339981007
0.028110161443 0.041215574549 0.073884140551 0.856790123457
0.023741690408 0.006457739791 0.618993352327 0.350807217474
0.025830959164 0.029629629630 0.893827160494 0.050712250712
0.030009496676 0.281671415005 0.651661918329 0.036657169991
MOTIF K562.TIA1.1
letter-probability matrix: alength= 4 w= 7
0.019167217449 0.315598149372 0.031064111038 0.634170522141
0.031394580304 0.044282881692 0.028750826173 0.895571711831
0.044613350958 0.711500330469 0.045274289491 0.198612029081
0.020819563781 0.090879048249 0.010905485790 0.877395902181
0.045935228024 0.024785194977 0.120290812954 0.808988764045
0.012557832122 0.015862524785 0.919035029742 0.052544613351
0.026437541309 0.037673496365 0.912095175149 0.023793787178
MOTIF K562.TIA1.3
letter-probability matrix: alength= 4 w= 7
0.025660964230 0.838258164852 0.031104199067 0.104976671851
0.020995334370 0.044323483670 0.024883359253 0.909797822706
0.010886469673 0.015552099533 0.059097978227 0.914463452566
0.020995334370 0.014774494557 0.871695178849 0.092534992224
0.026438569207 0.081648522551 0.844479004666 0.047433903577
0.020995334370 0.089424572317 0.089424572317 0.800155520995
0.000000000000 0.885692068429 0.069984447900 0.044323483670
MOTIF K562.TIA1.4
letter-probability matrix: alength= 4 w= 7
0.032117583016 0.034839412085 0.028307022319 0.904735982580
0.022318998367 0.041371801851 0.044093630920 0.892215568862
0.035928143713 0.769733260751 0.049537289058 0.144801306478
0.024496461622 0.019052803484 0.009798584649 0.946652150245
0.029940119760 0.005443658138 0.940664126293 0.023952095808
0.044637996734 0.072400653239 0.835601524224 0.047359825803
0.039738704409 0.067501360915 0.112139357648 0.780620577028
MOTIF K562.TIA1.6
letter-probability matrix: alength= 4 w= 7
0.012228260870 0.035326086957 0.029891304348 0.922554347826
0.099184782609 0.559782608696 0.218750000000 0.122282608696
0.047554347826 0.029891304348 0.789402173913 0.133152173913
0.014945652174 0.000000000000 0.960597826087 0.024456521739
0.010869565217 0.021739130435 0.956521739130 0.010869565217
0.012228260870 0.036684782609 0.069293478261 0.881793478261
0.000000000000 0.956521739130 0.021739130435 0.021739130435
