MEME version 5
ALPHABET= ACGU
Background letter frequencies:A 0.25 C 0.25 G 0.25 U 0.25
MOTIF K562.NCBP2.4
letter-probability matrix: alength= 4 w= 7
0.000000000000 1.000000000000 0.000000000000 0.000000000000
0.017241379310 0.000000000000 0.982758620690 0.000000000000
0.000000000000 0.000000000000 1.000000000000 0.000000000000
0.000000000000 1.000000000000 0.000000000000 0.000000000000
0.000000000000 0.000000000000 1.000000000000 0.000000000000
0.000000000000 0.000000000000 1.000000000000 0.000000000000
0.017241379310 0.517241379310 0.379310344828 0.086206896552
MOTIF K562.NCBP2.6
letter-probability matrix: alength= 4 w= 7
0.066666666667 0.000000000000 0.933333333333 0.000000000000
0.600000000000 0.033333333333 0.333333333333 0.033333333333
0.100000000000 0.000000000000 0.200000000000 0.700000000000
0.000000000000 0.000000000000 1.000000000000 0.000000000000
0.000000000000 0.000000000000 1.000000000000 0.000000000000
0.066666666667 0.800000000000 0.133333333333 0.000000000000
0.000000000000 0.000000000000 1.000000000000 0.000000000000
MOTIF K562.NCBP2.2
letter-probability matrix: alength= 4 w= 7
0.000000000000 0.066666666667 0.266666666667 0.666666666667
0.800000000000 0.066666666667 0.133333333333 0.000000000000
0.000000000000 0.066666666667 0.933333333333 0.000000000000
0.000000000000 0.733333333333 0.266666666667 0.000000000000
0.000000000000 0.000000000000 1.000000000000 0.000000000000
0.000000000000 1.000000000000 0.000000000000 0.000000000000
0.000000000000 0.133333333333 0.866666666667 0.000000000000
MOTIF K562.NCBP2.8
letter-probability matrix: alength= 4 w= 7
0.000000000000 0.000000000000 0.142857142857 0.857142857143
0.000000000000 1.000000000000 0.000000000000 0.000000000000
0.000000000000 0.000000000000 1.000000000000 0.000000000000
0.000000000000 1.000000000000 0.000000000000 0.000000000000
0.000000000000 0.000000000000 1.000000000000 0.000000000000
0.142857142857 0.000000000000 0.000000000000 0.857142857143
0.428571428571 0.285714285714 0.285714285714 0.000000000000
MOTIF K562.NCBP2.1
letter-probability matrix: alength= 4 w= 7
0.129032258065 0.612903225806 0.193548387097 0.064516129032
0.032258064516 0.000000000000 0.903225806452 0.064516129032
0.000000000000 0.096774193548 0.903225806452 0.000000000000
0.580645161290 0.032258064516 0.032258064516 0.354838709677
0.838709677419 0.064516129032 0.096774193548 0.000000000000
0.000000000000 0.000000000000 1.000000000000 0.000000000000
0.032258064516 0.000000000000 0.129032258065 0.838709677419
MOTIF K562.NCBP2.5
letter-probability matrix: alength= 4 w= 7
0.000000000000 1.000000000000 0.000000000000 0.000000000000
0.000000000000 0.937500000000 0.000000000000 0.062500000000
0.000000000000 1.000000000000 0.000000000000 0.000000000000
0.000000000000 0.125000000000 0.812500000000 0.062500000000
0.000000000000 0.125000000000 0.875000000000 0.000000000000
0.062500000000 0.125000000000 0.125000000000 0.687500000000
0.687500000000 0.062500000000 0.187500000000 0.062500000000
MOTIF K562.NCBP2.0
letter-probability matrix: alength= 4 w= 7
0.042253521127 0.014084507042 0.887323943662 0.056338028169
0.028169014085 0.929577464789 0.000000000000 0.042253521127
0.084507042254 0.887323943662 0.000000000000 0.028169014085
0.760563380282 0.098591549296 0.028169014085 0.112676056338
0.000000000000 0.014084507042 0.056338028169 0.929577464789
0.014084507042 0.028169014085 0.028169014085 0.929577464789
0.014084507042 0.056338028169 0.014084507042 0.915492957746
MOTIF K562.NCBP2.7
letter-probability matrix: alength= 4 w= 7
0.000000000000 0.850000000000 0.100000000000 0.050000000000
0.000000000000 0.050000000000 0.950000000000 0.000000000000
0.000000000000 0.000000000000 1.000000000000 0.000000000000
0.000000000000 0.200000000000 0.250000000000 0.550000000000
0.000000000000 0.850000000000 0.150000000000 0.000000000000
0.000000000000 0.050000000000 0.900000000000 0.050000000000
0.000000000000 0.900000000000 0.050000000000 0.050000000000
MOTIF K562.NCBP2.3
letter-probability matrix: alength= 4 w= 7
0.000000000000 0.000000000000 1.000000000000 0.000000000000
0.000000000000 0.000000000000 0.944444444444 0.055555555556
0.000000000000 0.944444444444 0.055555555556 0.000000000000
0.111111111111 0.833333333333 0.055555555556 0.000000000000
0.000000000000 0.000000000000 0.944444444444 0.055555555556
0.000000000000 0.000000000000 0.166666666667 0.833333333333
0.555555555556 0.166666666667 0.166666666667 0.111111111111
