MEME version 5
ALPHABET= ACGU
Background letter frequencies:A 0.25 C 0.25 G 0.25 U 0.25
MOTIF HNRNPDL.7.s36
letter-probability matrix: alength= 4 w= 7
0.844325153374 0.000766871165644 0.154141104294 0.000766871165644
0.0774539877301 0.690950920245 0.0774539877301 0.154141104294
0.000766871165644 0.0774539877301 0.154141104294 0.76763803681
0.76763803681 0.0774539877301 0.000766871165644 0.154141104294
0.0774539877301 0.0774539877301 0.76763803681 0.0774539877301
0.230828220859 0.614263803681 0.0774539877301 0.0774539877301
0.460889570552 0.230828220859 0.154141104294 0.154141104294
MOTIF HNRNPDL.10.s79
letter-probability matrix: alength= 4 w= 10
0.971153846154 0.00961538461538 0.00961538461538 0.00961538461538
0.00961538461538 0.971153846154 0.00961538461538 0.00961538461538
0.00961538461538 0.00961538461538 0.00961538461538 0.971153846154
0.971153846154 0.00961538461538 0.00961538461538 0.00961538461538
0.971153846154 0.00961538461538 0.00961538461538 0.00961538461538
0.00961538461538 0.971153846154 0.00961538461538 0.00961538461538
0.971153846154 0.00961538461538 0.00961538461538 0.00961538461538
0.00961538461538 0.00961538461538 0.971153846154 0.00961538461538
0.00961538461538 0.971153846154 0.00961538461538 0.00961538461538
0.971153846154 0.00961538461538 0.00961538461538 0.00961538461538
MOTIF HNRNPDL.6.746
letter-probability matrix: alength= 4 w= 6
0.971153846154 0.00961538461538 0.00961538461538 0.00961538461538
0.971153846154 0.00961538461538 0.00961538461538 0.00961538461538
0.00961538461538 0.00961538461538 0.00961538461538 0.971153846154
0.00961538461538 0.00961538461538 0.00961538461538 0.971153846154
0.00961538461538 0.00961538461538 0.00961538461538 0.971153846154
0.971153846154 0.00961538461538 0.00961538461538 0.00961538461538
MOTIF HNRNPDL.6.745
letter-probability matrix: alength= 4 w= 6
0.971153846154 0.00961538461538 0.00961538461538 0.00961538461538
0.00961538461538 0.00961538461538 0.971153846154 0.00961538461538
0.971153846154 0.00961538461538 0.00961538461538 0.00961538461538
0.00961538461538 0.00961538461538 0.00961538461538 0.971153846154
0.971153846154 0.00961538461538 0.00961538461538 0.00961538461538
0.00961538461538 0.00961538461538 0.00961538461538 0.971153846154
MOTIF HNRNPDL.6.747
letter-probability matrix: alength= 4 w= 6
0.971153846154 0.00961538461538 0.00961538461538 0.00961538461538
0.00961538461538 0.00961538461538 0.971153846154 0.00961538461538
0.00961538461538 0.00961538461538 0.00961538461538 0.971153846154
0.971153846154 0.00961538461538 0.00961538461538 0.00961538461538
0.00961538461538 0.00961538461538 0.971153846154 0.00961538461538
0.00961538461538 0.00961538461538 0.971153846154 0.00961538461538
MOTIF HNRNPDL.8.s44
letter-probability matrix: alength= 4 w= 8
0.597222222222 0.00198412698413 0.39880952381 0.00198412698413
0.39880952381 0.39880952381 0.00198412698413 0.200396825397
0.00198412698413 0.597222222222 0.00198412698413 0.39880952381
0.597222222222 0.00198412698413 0.00198412698413 0.39880952381
0.597222222222 0.200396825397 0.200396825397 0.00198412698413
0.00198412698413 0.00198412698413 0.994047619048 0.00198412698413
0.00198412698413 0.795634920635 0.00198412698413 0.200396825397
0.795634920635 0.00198412698413 0.200396825397 0.00198412698413
MOTIF HNRNPDL.6.s35
letter-probability matrix: alength= 4 w= 6
0.495098039216 0.00490196078431 0.00490196078431 0.495098039216
0.00490196078431 0.495098039216 0.495098039216 0.00490196078431
0.00490196078431 0.00490196078431 0.00490196078431 0.985294117647
0.00490196078431 0.495098039216 0.495098039216 0.00490196078431
0.00490196078431 0.495098039216 0.495098039216 0.00490196078431
0.495098039216 0.495098039216 0.00490196078431 0.00490196078431
MOTIF HNRNPDL.9.s43
letter-probability matrix: alength= 4 w= 9
0.25 0.0838870431894 0.665282392027 0.000830564784053
0.166943521595 0.416112956811 0.416112956811 0.000830564784053
0.831395348837 0.0838870431894 0.000830564784053 0.0838870431894
0.000830564784053 0.582225913621 0.166943521595 0.25
0.000830564784053 0.0838870431894 0.000830564784053 0.914451827243
0.914451827243 0.000830564784053 0.000830564784053 0.0838870431894
0.0838870431894 0.000830564784053 0.914451827243 0.000830564784053
0.166943521595 0.582225913621 0.25 0.000830564784053
0.000830564784053 0.748338870432 0.000830564784053 0.25
