MEME version 5
ALPHABET= ACGU
Background letter frequencies:A 0.25 C 0.25 G 0.25 U 0.25
MOTIF SNRPA.10.M346_0.6
letter-probability matrix: alength= 4 w= 10
0.125 0.0625 0.75 0.0625
0.0625 0.0625 0.8125 0.0625
0.0625 0.01 0.74 0.1875
0.1875 0.01 0.25 0.5525
0.9175 0.01 0.0625 0.01
0.133333333333 0.01 0.01 0.846666666667
0.01 0.01 0.97 0.01
0.01 0.97 0.01 0.01
0.01 0.125 0.0625 0.8025
0.01 0.01 0.9175 0.0625
MOTIF SNRPA.8.346
letter-probability matrix: alength= 4 w= 8
0.971153846154 0.00961538461538 0.00961538461538 0.00961538461538
0.00961538461538 0.00961538461538 0.00961538461538 0.971153846154
0.00961538461538 0.00961538461538 0.00961538461538 0.971153846154
0.00961538461538 0.00961538461538 0.971153846154 0.00961538461538
0.00961538461538 0.971153846154 0.00961538461538 0.00961538461538
0.971153846154 0.00961538461538 0.00961538461538 0.00961538461538
0.00961538461538 0.971153846154 0.00961538461538 0.00961538461538
0.00961538461538 0.971153846154 0.00961538461538 0.00961538461538
MOTIF SNRPA.7.M348_0.6
letter-probability matrix: alength= 4 w= 7
0.6775 0.01 0.0625 0.25
0.01 0.25 0.73 0.01
0.01 0.01 0.9175 0.0625
0.74 0.125 0.125 0.01
0.0625 0.01 0.8025 0.125
0.865 0.0625 0.0625 0.01
0.0625 0.0625 0.125 0.75
MOTIF SNRPA.7.518
letter-probability matrix: alength= 4 w= 7
0.971153846154 0.00961538461538 0.00961538461538 0.00961538461538
0.00961538461538 0.00961538461538 0.00961538461538 0.971153846154
0.00961538461538 0.00961538461538 0.00961538461538 0.971153846154
0.00961538461538 0.00961538461538 0.971153846154 0.00961538461538
0.00961538461538 0.971153846154 0.00961538461538 0.00961538461538
0.971153846154 0.00961538461538 0.00961538461538 0.00961538461538
0.00961538461538 0.971153846154 0.00961538461538 0.00961538461538
MOTIF SNRPA.11.M345_0.6
letter-probability matrix: alength= 4 w= 11
0.01 0.01 0.97 0.01
0.523333333333 0.01 0.133333333333 0.333333333333
0.2 0.01 0.01 0.78
0.333333333333 0.01 0.01 0.646666666667
0.01 0.97 0.01 0.01
0.01 0.846666666667 0.133333333333 0.01
0.333333333333 0.0666666666667 0.01 0.59
0.01 0.01 0.97 0.01
0.01 0.713333333333 0.01 0.266666666667
0.133333333333 0.0666666666667 0.01 0.79
0.913333333333 0.0666666666667 0.01 0.01
MOTIF SNRPA.11.M347_0.6
letter-probability matrix: alength= 4 w= 11
0.230769230769 0.01 0.682307692308 0.0769230769231
0.461538461538 0.230769230769 0.230769230769 0.0769230769231
0.01 0.01 0.97 0.01
0.01 0.97 0.01 0.01
0.97 0.01 0.01 0.01
0.01 0.01 0.97 0.01
0.01 0.01 0.01 0.97
0.903076923077 0.01 0.0769230769231 0.01
0.01 0.01 0.97 0.01
0.01 0.01 0.518461538462 0.461538461538
0.01 0.384615384615 0.595384615385 0.01
MOTIF SNRPA.7.M069_0.6
letter-probability matrix: alength= 4 w= 7
0.264248555368 0.080354456286 0.080354456286 0.575042528673
0.192828348938 0.00881119863167 0.00881119863167 0.789549256169
0.00881119863167 0.00881119863167 0.973566406475 0.00881119863167
0.00881119863167 0.973566406475 0.00881119863167 0.00881119863167
0.973566406475 0.00881119863167 0.00881119863167 0.00881119863167
0.00881119863167 0.973566406475 0.00881119863167 0.00881119863167
0.626482796661 0.0574420938189 0.258633011443 0.0574420938189
MOTIF SNRPA.7.M319_0.6
letter-probability matrix: alength= 4 w= 7
0.97 0.01 0.01 0.01
0.0909090909091 0.01 0.01 0.889090909091
0.01 0.01 0.01 0.97
0.01 0.01 0.97 0.01
0.01 0.97 0.01 0.01
0.97 0.01 0.01 0.01
0.01 0.97 0.01 0.01
