MEME version 5
ALPHABET= ACGU
Background letter frequencies:A 0.25 C 0.25 G 0.25 U 0.25
MOTIF SRSF3.7.s39
letter-probability matrix: alength= 4 w= 7
0.000830564784053 0.582225913621 0.0838870431894 0.333056478405
0.25 0.0838870431894 0.0838870431894 0.582225913621
0.582225913621 0.000830564784053 0.000830564784053 0.416112956811
0.000830564784053 0.997508305648 0.000830564784053 0.000830564784053
0.831395348837 0.000830564784053 0.166943521595 0.000830564784053
0.914451827243 0.000830564784053 0.0838870431894 0.000830564784053
0.0838870431894 0.831395348837 0.000830564784053 0.0838870431894
MOTIF SRSF3.6.1249
letter-probability matrix: alength= 4 w= 6
0.00961538461538 0.971153846154 0.00961538461538 0.00961538461538
0.971153846154 0.00961538461538 0.00961538461538 0.00961538461538
0.00961538461538 0.00961538461538 0.00961538461538 0.971153846154
0.00961538461538 0.971153846154 0.00961538461538 0.00961538461538
0.971153846154 0.00961538461538 0.00961538461538 0.00961538461538
0.00961538461538 0.00961538461538 0.00961538461538 0.971153846154
MOTIF SRSF3.7.1247
letter-probability matrix: alength= 4 w= 7
0.00961538461538 0.971153846154 0.00961538461538 0.00961538461538
0.00961538461538 0.00961538461538 0.00961538461538 0.971153846154
0.00961538461538 0.00961538461538 0.00961538461538 0.971153846154
0.00961538461538 0.971153846154 0.00961538461538 0.00961538461538
0.971153846154 0.00961538461538 0.00961538461538 0.00961538461538
0.971153846154 0.00961538461538 0.00961538461538 0.00961538461538
0.00961538461538 0.971153846154 0.00961538461538 0.00961538461538
MOTIF SRSF3.5.1251
letter-probability matrix: alength= 4 w= 5
0.00961538461538 0.00961538461538 0.00961538461538 0.971153846154
0.00961538461538 0.971153846154 0.00961538461538 0.00961538461538
0.971153846154 0.00961538461538 0.00961538461538 0.00961538461538
0.00961538461538 0.00961538461538 0.00961538461538 0.971153846154
0.00961538461538 0.971153846154 0.00961538461538 0.00961538461538
MOTIF SRSF3.6.1250
letter-probability matrix: alength= 4 w= 6
0.00961538461538 0.971153846154 0.00961538461538 0.00961538461538
0.00961538461538 0.00961538461538 0.00961538461538 0.971153846154
0.00961538461538 0.00961538461538 0.00961538461538 0.971153846154
0.00961538461538 0.971153846154 0.00961538461538 0.00961538461538
0.971153846154 0.00961538461538 0.00961538461538 0.00961538461538
0.00961538461538 0.971153846154 0.00961538461538 0.00961538461538
MOTIF SRSF3.8.s81
letter-probability matrix: alength= 4 w= 8
0.00961538461538 0.971153846154 0.00961538461538 0.00961538461538
0.00961538461538 0.971153846154 0.00961538461538 0.00961538461538
0.00961538461538 0.00961538461538 0.00961538461538 0.971153846154
0.00961538461538 0.971153846154 0.00961538461538 0.00961538461538
0.00961538461538 0.00961538461538 0.971153846154 0.00961538461538
0.00961538461538 0.00961538461538 0.00961538461538 0.971153846154
0.00961538461538 0.971153846154 0.00961538461538 0.00961538461538
0.00961538461538 0.971153846154 0.00961538461538 0.00961538461538
MOTIF SRSF3.7.1248
letter-probability matrix: alength= 4 w= 7
0.00961538461538 0.00961538461538 0.00961538461538 0.971153846154
0.00961538461538 0.971153846154 0.00961538461538 0.00961538461538
0.00961538461538 0.00961538461538 0.00961538461538 0.971153846154
0.00961538461538 0.00961538461538 0.00961538461538 0.971153846154
0.00961538461538 0.971153846154 0.00961538461538 0.00961538461538
0.971153846154 0.00961538461538 0.00961538461538 0.00961538461538
0.00961538461538 0.971153846154 0.00961538461538 0.00961538461538
MOTIF SRSF3.8.1244
letter-probability matrix: alength= 4 w= 8
0.00961538461538 0.971153846154 0.00961538461538 0.00961538461538
0.00961538461538 0.971153846154 0.00961538461538 0.00961538461538
0.00961538461538 0.00961538461538 0.00961538461538 0.971153846154
0.00961538461538 0.971153846154 0.00961538461538 0.00961538461538
0.00961538461538 0.00961538461538 0.00961538461538 0.971153846154
0.00961538461538 0.00961538461538 0.00961538461538 0.971153846154
0.00961538461538 0.971153846154 0.00961538461538 0.00961538461538
0.00961538461538 0.971153846154 0.00961538461538 0.00961538461538
MOTIF SRSF3.9.s41
letter-probability matrix: alength= 4 w= 9
0.428231939163 0.0480038022814 0.000475285171103 0.523288973384
0.000475285171103 0.951045627376 0.0480038022814 0.000475285171103
0.808460076046 0.000475285171103 0.000475285171103 0.190589353612
0.238117870722 0.000475285171103 0.0480038022814 0.713403041825
0.0480038022814 0.951045627376 0.000475285171103 0.000475285171103
0.0480038022814 0.000475285171103 0.951045627376 0.000475285171103
0.760931558935 0.0955323193916 0.000475285171103 0.143060836502
0.000475285171103 0.380703422053 0.000475285171103 0.618346007605
0.0955323193916 0.333174904943 0.0480038022814 0.523288973384
MOTIF SRSF3.8.1246
letter-probability matrix: alength= 4 w= 8
0.00961538461538 0.971153846154 0.00961538461538 0.00961538461538
0.00961538461538 0.00961538461538 0.00961538461538 0.971153846154
0.00961538461538 0.971153846154 0.00961538461538 0.00961538461538
0.00961538461538 0.00961538461538 0.00961538461538 0.971153846154
0.00961538461538 0.00961538461538 0.00961538461538 0.971153846154
0.00961538461538 0.971153846154 0.00961538461538 0.00961538461538
0.971153846154 0.00961538461538 0.00961538461538 0.00961538461538
0.00961538461538 0.971153846154 0.00961538461538 0.00961538461538
MOTIF SRSF3.4.1253
letter-probability matrix: alength= 4 w= 4
0.00961538461538 0.971153846154 0.00961538461538 0.00961538461538
0.971153846154 0.00961538461538 0.00961538461538 0.00961538461538
0.00961538461538 0.00961538461538 0.00961538461538 0.971153846154
0.00961538461538 0.971153846154 0.00961538461538 0.00961538461538
MOTIF SRSF3.8.1245
letter-probability matrix: alength= 4 w= 8
0.00961538461538 0.971153846154 0.00961538461538 0.00961538461538
0.00961538461538 0.971153846154 0.00961538461538 0.00961538461538
0.00961538461538 0.00961538461538 0.00961538461538 0.971153846154
0.00961538461538 0.971153846154 0.00961538461538 0.00961538461538
0.00961538461538 0.00961538461538 0.971153846154 0.00961538461538
0.00961538461538 0.00961538461538 0.00961538461538 0.971153846154
0.00961538461538 0.971153846154 0.00961538461538 0.00961538461538
0.00961538461538 0.971153846154 0.00961538461538 0.00961538461538
MOTIF SRSF3.10.1255
letter-probability matrix: alength= 4 w= 10
0.00961538461538 0.00961538461538 0.00961538461538 0.971153846154
0.00961538461538 0.00961538461538 0.00961538461538 0.971153846154
0.00961538461538 0.971153846154 0.00961538461538 0.00961538461538
0.00961538461538 0.00961538461538 0.00961538461538 0.971153846154
0.00961538461538 0.00961538461538 0.00961538461538 0.971153846154
0.00961538461538 0.971153846154 0.00961538461538 0.00961538461538
0.971153846154 0.00961538461538 0.00961538461538 0.00961538461538
0.00961538461538 0.00961538461538 0.00961538461538 0.971153846154
0.00961538461538 0.971153846154 0.00961538461538 0.00961538461538
0.00961538461538 0.971153846154 0.00961538461538 0.00961538461538
MOTIF SRSF3.4.1254
letter-probability matrix: alength= 4 w= 4
0.00961538461538 0.00961538461538 0.971153846154 0.00961538461538
0.971153846154 0.00961538461538 0.00961538461538 0.00961538461538
0.00961538461538 0.00961538461538 0.00961538461538 0.971153846154
0.00961538461538 0.971153846154 0.00961538461538 0.00961538461538
MOTIF SRSF3.8.s40
letter-probability matrix: alength= 4 w= 8
0.263130252101 0.315651260504 0.105567226891 0.315651260504
0.473214285714 0.0530462184874 0.0530462184874 0.420693277311
0.0530462184874 0.945903361345 0.000525210084034 0.000525210084034
0.210609243697 0.000525210084034 0.000525210084034 0.788340336134
0.0530462184874 0.0530462184874 0.000525210084034 0.893382352941
0.000525210084034 0.945903361345 0.000525210084034 0.0530462184874
0.945903361345 0.000525210084034 0.000525210084034 0.0530462184874
0.158088235294 0.263130252101 0.0530462184874 0.525735294118
MOTIF SRSF3.5.1252
letter-probability matrix: alength= 4 w= 5
0.00961538461538 0.00961538461538 0.00961538461538 0.971153846154
0.00961538461538 0.00961538461538 0.00961538461538 0.971153846154
0.00961538461538 0.971153846154 0.00961538461538 0.00961538461538
0.971153846154 0.00961538461538 0.00961538461538 0.00961538461538
0.00961538461538 0.971153846154 0.00961538461538 0.00961538461538
MOTIF SRSF3.10.1354
letter-probability matrix: alength= 4 w= 10
0.00961538461538 0.971153846154 0.00961538461538 0.00961538461538
0.971153846154 0.00961538461538 0.00961538461538 0.00961538461538
0.00961538461538 0.971153846154 0.00961538461538 0.00961538461538
0.00961538461538 0.971153846154 0.00961538461538 0.00961538461538
0.971153846154 0.00961538461538 0.00961538461538 0.00961538461538
0.00961538461538 0.971153846154 0.00961538461538 0.00961538461538
0.00961538461538 0.971153846154 0.00961538461538 0.00961538461538
0.971153846154 0.00961538461538 0.00961538461538 0.00961538461538
0.00961538461538 0.971153846154 0.00961538461538 0.00961538461538
0.00961538461538 0.971153846154 0.00961538461538 0.00961538461538
