MEME version 5
ALPHABET= ACGU
Background letter frequencies:A 0.25 C 0.25 G 0.25 U 0.25
MOTIF SRSF2.7.1183
letter-probability matrix: alength= 4 w= 7
0.00961538461538 0.00961538461538 0.971153846154 0.00961538461538
0.00961538461538 0.00961538461538 0.971153846154 0.00961538461538
0.971153846154 0.00961538461538 0.00961538461538 0.00961538461538
0.00961538461538 0.00961538461538 0.971153846154 0.00961538461538
0.00961538461538 0.00961538461538 0.971153846154 0.00961538461538
0.971153846154 0.00961538461538 0.00961538461538 0.00961538461538
0.00961538461538 0.00961538461538 0.971153846154 0.00961538461538
MOTIF SRSF2.8.1181
letter-probability matrix: alength= 4 w= 8
0.00961538461538 0.00961538461538 0.971153846154 0.00961538461538
0.971153846154 0.00961538461538 0.00961538461538 0.00961538461538
0.00961538461538 0.00961538461538 0.971153846154 0.00961538461538
0.00961538461538 0.00961538461538 0.971153846154 0.00961538461538
0.971153846154 0.00961538461538 0.00961538461538 0.00961538461538
0.00961538461538 0.00961538461538 0.971153846154 0.00961538461538
0.00961538461538 0.00961538461538 0.971153846154 0.00961538461538
0.971153846154 0.00961538461538 0.00961538461538 0.00961538461538
MOTIF SRSF2.8.1168
letter-probability matrix: alength= 4 w= 8
0.00961538461538 0.00961538461538 0.971153846154 0.00961538461538
0.971153846154 0.00961538461538 0.00961538461538 0.00961538461538
0.00961538461538 0.00961538461538 0.00961538461538 0.971153846154
0.00961538461538 0.00961538461538 0.00961538461538 0.971153846154
0.971153846154 0.00961538461538 0.00961538461538 0.00961538461538
0.00961538461538 0.00961538461538 0.971153846154 0.00961538461538
0.00961538461538 0.00961538461538 0.00961538461538 0.971153846154
0.00961538461538 0.00961538461538 0.971153846154 0.00961538461538
MOTIF SRSF2.6.439
letter-probability matrix: alength= 4 w= 6
0.00961538461538 0.00961538461538 0.00961538461538 0.971153846154
0.00961538461538 0.971153846154 0.00961538461538 0.00961538461538
0.00961538461538 0.971153846154 0.00961538461538 0.00961538461538
0.971153846154 0.00961538461538 0.00961538461538 0.00961538461538
0.00961538461538 0.00961538461538 0.971153846154 0.00961538461538
0.00961538461538 0.00961538461538 0.00961538461538 0.971153846154
MOTIF SRSF2.6.1179
letter-probability matrix: alength= 4 w= 6
0.00961538461538 0.00961538461538 0.971153846154 0.00961538461538
0.00961538461538 0.00961538461538 0.971153846154 0.00961538461538
0.971153846154 0.00961538461538 0.00961538461538 0.00961538461538
0.00961538461538 0.00961538461538 0.971153846154 0.00961538461538
0.00961538461538 0.00961538461538 0.971153846154 0.00961538461538
0.971153846154 0.00961538461538 0.00961538461538 0.00961538461538
MOTIF SRSF2.7.s53
letter-probability matrix: alength= 4 w= 7
0.725543478261 0.000905797101449 0.0914855072464 0.182065217391
0.000905797101449 0.272644927536 0.725543478261 0.000905797101449
0.000905797101449 0.000905797101449 0.906702898551 0.0914855072464
0.725543478261 0.182065217391 0.0914855072464 0.000905797101449
0.0914855072464 0.000905797101449 0.816123188406 0.0914855072464
0.816123188406 0.0914855072464 0.0914855072464 0.000905797101449
0.0914855072464 0.0914855072464 0.182065217391 0.634963768116
MOTIF SRSF2.5.1160
letter-probability matrix: alength= 4 w= 5
0.971153846154 0.00961538461538 0.00961538461538 0.00961538461538
0.00961538461538 0.00961538461538 0.971153846154 0.00961538461538
0.971153846154 0.00961538461538 0.00961538461538 0.00961538461538
0.971153846154 0.00961538461538 0.00961538461538 0.00961538461538
0.00961538461538 0.00961538461538 0.971153846154 0.00961538461538
MOTIF SRSF2.10.s57
letter-probability matrix: alength= 4 w= 10
0.143162393162 0.0719373219373 0.712962962963 0.0719373219373
0.0719373219373 0.0719373219373 0.784188034188 0.0719373219373
0.0719373219373 0.000712250712251 0.712962962963 0.214387464387
0.214387464387 0.000712250712251 0.285612535613 0.499287749288
0.926638176638 0.000712250712251 0.0719373219373 0.000712250712251
0.214387464387 0.0719373219373 0.0719373219373 0.641737891738
0.000712250712251 0.000712250712251 0.997863247863 0.000712250712251
0.000712250712251 0.997863247863 0.000712250712251 0.000712250712251
0.000712250712251 0.143162393162 0.0719373219373 0.784188034188
0.000712250712251 0.000712250712251 0.926638176638 0.0719373219373
MOTIF SRSF2.8.1173
letter-probability matrix: alength= 4 w= 8
0.00961538461538 0.00961538461538 0.971153846154 0.00961538461538
0.971153846154 0.00961538461538 0.00961538461538 0.00961538461538
0.00961538461538 0.00961538461538 0.00961538461538 0.971153846154
0.00961538461538 0.00961538461538 0.00961538461538 0.971153846154
0.00961538461538 0.971153846154 0.00961538461538 0.00961538461538
0.00961538461538 0.971153846154 0.00961538461538 0.00961538461538
0.00961538461538 0.971153846154 0.00961538461538 0.00961538461538
0.00961538461538 0.00961538461538 0.00961538461538 0.971153846154
MOTIF SRSF2.8.1174
letter-probability matrix: alength= 4 w= 8
0.00961538461538 0.00961538461538 0.971153846154 0.00961538461538
0.971153846154 0.00961538461538 0.00961538461538 0.00961538461538
0.971153846154 0.00961538461538 0.00961538461538 0.00961538461538
0.00961538461538 0.00961538461538 0.971153846154 0.00961538461538
0.971153846154 0.00961538461538 0.00961538461538 0.00961538461538
0.971153846154 0.00961538461538 0.00961538461538 0.00961538461538
0.00961538461538 0.00961538461538 0.971153846154 0.00961538461538
0.971153846154 0.00961538461538 0.00961538461538 0.00961538461538
MOTIF SRSF2.8.1165
letter-probability matrix: alength= 4 w= 8
0.00961538461538 0.971153846154 0.00961538461538 0.00961538461538
0.971153846154 0.00961538461538 0.00961538461538 0.00961538461538
0.00961538461538 0.971153846154 0.00961538461538 0.00961538461538
0.00961538461538 0.971153846154 0.00961538461538 0.00961538461538
0.00961538461538 0.00961538461538 0.00961538461538 0.971153846154
0.00961538461538 0.971153846154 0.00961538461538 0.00961538461538
0.00961538461538 0.971153846154 0.00961538461538 0.00961538461538
0.00961538461538 0.00961538461538 0.971153846154 0.00961538461538
MOTIF SRSF2.8.s59
letter-probability matrix: alength= 4 w= 8
0.0835183129856 0.0557713651498 0.83268590455 0.0280244173141
0.222253052164 0.000277469478357 0.610710321865 0.166759156493
0.166759156493 0.527469478357 0.0280244173141 0.277746947836
0.000277469478357 0.555216426193 0.000277469478357 0.44422863485
0.194506104329 0.360987791343 0.277746947836 0.166759156493
0.139012208657 0.499722530522 0.305493895671 0.0557713651498
0.222253052164 0.277746947836 0.0280244173141 0.471975582686
0.277746947836 0.000277469478357 0.721698113208 0.000277469478357
MOTIF SRSF2.8.1172
letter-probability matrix: alength= 4 w= 8
0.00961538461538 0.00961538461538 0.971153846154 0.00961538461538
0.971153846154 0.00961538461538 0.00961538461538 0.00961538461538
0.00961538461538 0.00961538461538 0.00961538461538 0.971153846154
0.00961538461538 0.00961538461538 0.00961538461538 0.971153846154
0.00961538461538 0.00961538461538 0.971153846154 0.00961538461538
0.971153846154 0.00961538461538 0.00961538461538 0.00961538461538
0.00961538461538 0.00961538461538 0.00961538461538 0.971153846154
0.00961538461538 0.00961538461538 0.971153846154 0.00961538461538
MOTIF SRSF2.10.s58
letter-probability matrix: alength= 4 w= 10
0.133643617021 0.0671542553191 0.133643617021 0.665558510638
0.000664893617021 0.000664893617021 0.998005319149 0.000664893617021
0.133643617021 0.000664893617021 0.000664893617021 0.865026595745
0.0671542553191 0.000664893617021 0.000664893617021 0.931515957447
0.000664893617021 0.998005319149 0.000664893617021 0.000664893617021
0.000664893617021 0.599069148936 0.39960106383 0.000664893617021
0.865026595745 0.000664893617021 0.0671542553191 0.0671542553191
0.000664893617021 0.000664893617021 0.998005319149 0.000664893617021
0.466090425532 0.200132978723 0.0671542553191 0.266622340426
0.266622340426 0.0671542553191 0.200132978723 0.466090425532
MOTIF SRSF2.7.s52
letter-probability matrix: alength= 4 w= 7
0.143465909091 0.427556818182 0.427556818182 0.00142045454545
0.285511363636 0.00142045454545 0.711647727273 0.00142045454545
0.00142045454545 0.711647727273 0.285511363636 0.00142045454545
0.569602272727 0.427556818182 0.00142045454545 0.00142045454545
0.143465909091 0.143465909091 0.569602272727 0.143465909091
0.143465909091 0.143465909091 0.711647727273 0.00142045454545
0.285511363636 0.143465909091 0.285511363636 0.285511363636
MOTIF SRSF2.5.1161
letter-probability matrix: alength= 4 w= 5
0.971153846154 0.00961538461538 0.00961538461538 0.00961538461538
0.00961538461538 0.00961538461538 0.971153846154 0.00961538461538
0.00961538461538 0.971153846154 0.00961538461538 0.00961538461538
0.971153846154 0.00961538461538 0.00961538461538 0.00961538461538
0.00961538461538 0.00961538461538 0.971153846154 0.00961538461538
MOTIF SRSF2.5.1162
letter-probability matrix: alength= 4 w= 5
0.971153846154 0.00961538461538 0.00961538461538 0.00961538461538
0.00961538461538 0.00961538461538 0.971153846154 0.00961538461538
0.00961538461538 0.00961538461538 0.971153846154 0.00961538461538
0.971153846154 0.00961538461538 0.00961538461538 0.00961538461538
0.00961538461538 0.00961538461538 0.971153846154 0.00961538461538
MOTIF SRSF2.8.1164
letter-probability matrix: alength= 4 w= 8
0.971153846154 0.00961538461538 0.00961538461538 0.00961538461538
0.00961538461538 0.00961538461538 0.00961538461538 0.971153846154
0.00961538461538 0.971153846154 0.00961538461538 0.00961538461538
0.00961538461538 0.971153846154 0.00961538461538 0.00961538461538
0.00961538461538 0.971153846154 0.00961538461538 0.00961538461538
0.00961538461538 0.00961538461538 0.971153846154 0.00961538461538
0.00961538461538 0.00961538461538 0.00961538461538 0.971153846154
0.00961538461538 0.00961538461538 0.971153846154 0.00961538461538
MOTIF SRSF2.7.1182
letter-probability matrix: alength= 4 w= 7
0.00961538461538 0.00961538461538 0.971153846154 0.00961538461538
0.00961538461538 0.00961538461538 0.971153846154 0.00961538461538
0.971153846154 0.00961538461538 0.00961538461538 0.00961538461538
0.00961538461538 0.00961538461538 0.971153846154 0.00961538461538
0.00961538461538 0.00961538461538 0.971153846154 0.00961538461538
0.971153846154 0.00961538461538 0.00961538461538 0.00961538461538
0.00961538461538 0.971153846154 0.00961538461538 0.00961538461538
MOTIF SRSF2.9.s47
letter-probability matrix: alength= 4 w= 9
0.000996015936255 0.000996015936255 0.997011952191 0.000996015936255
0.200199203187 0.100597609562 0.000996015936255 0.698207171315
0.100597609562 0.100597609562 0.000996015936255 0.79780876494
0.000996015936255 0.79780876494 0.200199203187 0.000996015936255
0.000996015936255 0.299800796813 0.698207171315 0.000996015936255
0.997011952191 0.000996015936255 0.000996015936255 0.000996015936255
0.000996015936255 0.000996015936255 0.997011952191 0.000996015936255
0.100597609562 0.000996015936255 0.299800796813 0.598605577689
0.499003984064 0.000996015936255 0.100597609562 0.399402390438
MOTIF SRSF2.5.1163
letter-probability matrix: alength= 4 w= 5
0.971153846154 0.00961538461538 0.00961538461538 0.00961538461538
0.00961538461538 0.00961538461538 0.971153846154 0.00961538461538
0.00961538461538 0.00961538461538 0.00961538461538 0.971153846154
0.971153846154 0.00961538461538 0.00961538461538 0.00961538461538
0.00961538461538 0.00961538461538 0.971153846154 0.00961538461538
MOTIF SRSF2.12.1177
letter-probability matrix: alength= 4 w= 12
0.971153846154 0.00961538461538 0.00961538461538 0.00961538461538
0.00961538461538 0.00961538461538 0.971153846154 0.00961538461538
0.971153846154 0.00961538461538 0.00961538461538 0.00961538461538
0.00961538461538 0.00961538461538 0.971153846154 0.00961538461538
0.00961538461538 0.00961538461538 0.971153846154 0.00961538461538
0.971153846154 0.00961538461538 0.00961538461538 0.00961538461538
0.971153846154 0.00961538461538 0.00961538461538 0.00961538461538
0.00961538461538 0.00961538461538 0.971153846154 0.00961538461538
0.00961538461538 0.00961538461538 0.971153846154 0.00961538461538
0.00961538461538 0.971153846154 0.00961538461538 0.00961538461538
0.00961538461538 0.00961538461538 0.971153846154 0.00961538461538
0.971153846154 0.00961538461538 0.00961538461538 0.00961538461538
MOTIF SRSF2.8.1166
letter-probability matrix: alength= 4 w= 8
0.00961538461538 0.00961538461538 0.971153846154 0.00961538461538
0.971153846154 0.00961538461538 0.00961538461538 0.00961538461538
0.971153846154 0.00961538461538 0.00961538461538 0.00961538461538
0.00961538461538 0.00961538461538 0.00961538461538 0.971153846154
0.00961538461538 0.971153846154 0.00961538461538 0.00961538461538
0.00961538461538 0.971153846154 0.00961538461538 0.00961538461538
0.00961538461538 0.971153846154 0.00961538461538 0.00961538461538
0.00961538461538 0.00961538461538 0.971153846154 0.00961538461538
MOTIF SRSF2.9.1178
letter-probability matrix: alength= 4 w= 9
0.00961538461538 0.00961538461538 0.971153846154 0.00961538461538
0.971153846154 0.00961538461538 0.00961538461538 0.00961538461538
0.971153846154 0.00961538461538 0.00961538461538 0.00961538461538
0.00961538461538 0.00961538461538 0.971153846154 0.00961538461538
0.971153846154 0.00961538461538 0.00961538461538 0.00961538461538
0.971153846154 0.00961538461538 0.00961538461538 0.00961538461538
0.00961538461538 0.00961538461538 0.971153846154 0.00961538461538
0.971153846154 0.00961538461538 0.00961538461538 0.00961538461538
0.971153846154 0.00961538461538 0.00961538461538 0.00961538461538
MOTIF SRSF2.10.1167
letter-probability matrix: alength= 4 w= 10
0.00961538461538 0.00961538461538 0.971153846154 0.00961538461538
0.00961538461538 0.00961538461538 0.00961538461538 0.971153846154
0.971153846154 0.00961538461538 0.00961538461538 0.00961538461538
0.971153846154 0.00961538461538 0.00961538461538 0.00961538461538
0.00961538461538 0.00961538461538 0.971153846154 0.00961538461538
0.00961538461538 0.00961538461538 0.00961538461538 0.971153846154
0.971153846154 0.00961538461538 0.00961538461538 0.00961538461538
0.00961538461538 0.971153846154 0.00961538461538 0.00961538461538
0.00961538461538 0.00961538461538 0.971153846154 0.00961538461538
0.00961538461538 0.971153846154 0.00961538461538 0.00961538461538
MOTIF SRSF2.9.M274_0.6
letter-probability matrix: alength= 4 w= 9
0.01 0.01 0.97 0.01
0.0909090909091 0.0909090909091 0.01 0.808181818182
0.0909090909091 0.01 0.01 0.889090909091
0.01 0.889090909091 0.0909090909091 0.01
0.01 0.272727272727 0.707272727273 0.01
0.97 0.01 0.01 0.01
0.01 0.01 0.97 0.01
0.0909090909091 0.01 0.272727272727 0.626363636364
0.535454545455 0.01 0.0909090909091 0.363636363636
MOTIF SRSF2.9.s46
letter-probability matrix: alength= 4 w= 9
0.903517110266 0.0480038022814 0.000475285171103 0.0480038022814
0.000475285171103 0.0480038022814 0.951045627376 0.000475285171103
0.0480038022814 0.380703422053 0.570817490494 0.000475285171103
0.760931558935 0.190589353612 0.0480038022814 0.000475285171103
0.000475285171103 0.000475285171103 0.998574144487 0.000475285171103
0.713403041825 0.0955323193916 0.000475285171103 0.190589353612
0.143060836502 0.000475285171103 0.808460076046 0.0480038022814
0.285646387833 0.0480038022814 0.143060836502 0.523288973384
0.475760456274 0.0955323193916 0.143060836502 0.285646387833
MOTIF SRSF2.7.1170
letter-probability matrix: alength= 4 w= 7
0.00961538461538 0.971153846154 0.00961538461538 0.00961538461538
0.971153846154 0.00961538461538 0.00961538461538 0.00961538461538
0.00961538461538 0.00961538461538 0.971153846154 0.00961538461538
0.00961538461538 0.00961538461538 0.00961538461538 0.971153846154
0.971153846154 0.00961538461538 0.00961538461538 0.00961538461538
0.00961538461538 0.00961538461538 0.971153846154 0.00961538461538
0.971153846154 0.00961538461538 0.00961538461538 0.00961538461538
MOTIF SRSF2.7.1175
letter-probability matrix: alength= 4 w= 7
0.971153846154 0.00961538461538 0.00961538461538 0.00961538461538
0.00961538461538 0.00961538461538 0.971153846154 0.00961538461538
0.00961538461538 0.971153846154 0.00961538461538 0.00961538461538
0.00961538461538 0.00961538461538 0.00961538461538 0.971153846154
0.00961538461538 0.00961538461538 0.971153846154 0.00961538461538
0.00961538461538 0.00961538461538 0.00961538461538 0.971153846154
0.00961538461538 0.00961538461538 0.00961538461538 0.971153846154
MOTIF SRSF2.6.1171
letter-probability matrix: alength= 4 w= 6
0.00961538461538 0.00961538461538 0.971153846154 0.00961538461538
0.971153846154 0.00961538461538 0.00961538461538 0.00961538461538
0.00961538461538 0.00961538461538 0.971153846154 0.00961538461538
0.00961538461538 0.00961538461538 0.971153846154 0.00961538461538
0.971153846154 0.00961538461538 0.00961538461538 0.00961538461538
0.00961538461538 0.00961538461538 0.971153846154 0.00961538461538
MOTIF SRSF2.6.502
letter-probability matrix: alength= 4 w= 6
0.00961538461538 0.00961538461538 0.00961538461538 0.971153846154
0.00961538461538 0.00961538461538 0.971153846154 0.00961538461538
0.00961538461538 0.00961538461538 0.971153846154 0.00961538461538
0.971153846154 0.00961538461538 0.00961538461538 0.00961538461538
0.00961538461538 0.00961538461538 0.971153846154 0.00961538461538
0.00961538461538 0.00961538461538 0.00961538461538 0.971153846154
MOTIF SRSF2.11.s55
letter-probability matrix: alength= 4 w= 11
0.272644927536 0.000905797101449 0.634963768116 0.0914855072464
0.453804347826 0.182065217391 0.272644927536 0.0914855072464
0.000905797101449 0.000905797101449 0.997282608696 0.000905797101449
0.000905797101449 0.997282608696 0.000905797101449 0.000905797101449
0.997282608696 0.000905797101449 0.000905797101449 0.000905797101449
0.000905797101449 0.000905797101449 0.997282608696 0.000905797101449
0.000905797101449 0.000905797101449 0.000905797101449 0.997282608696
0.906702898551 0.000905797101449 0.0914855072464 0.000905797101449
0.000905797101449 0.000905797101449 0.997282608696 0.000905797101449
0.000905797101449 0.000905797101449 0.544384057971 0.453804347826
0.000905797101449 0.453804347826 0.544384057971 0.000905797101449
MOTIF SRSF2.10.1180
letter-probability matrix: alength= 4 w= 10
0.971153846154 0.00961538461538 0.00961538461538 0.00961538461538
0.971153846154 0.00961538461538 0.00961538461538 0.00961538461538
0.971153846154 0.00961538461538 0.00961538461538 0.00961538461538
0.971153846154 0.00961538461538 0.00961538461538 0.00961538461538
0.00961538461538 0.00961538461538 0.971153846154 0.00961538461538
0.971153846154 0.00961538461538 0.00961538461538 0.00961538461538
0.00961538461538 0.00961538461538 0.971153846154 0.00961538461538
0.971153846154 0.00961538461538 0.00961538461538 0.00961538461538
0.971153846154 0.00961538461538 0.00961538461538 0.00961538461538
0.00961538461538 0.00961538461538 0.971153846154 0.00961538461538
MOTIF SRSF2.8.M070_0.6
letter-probability matrix: alength= 4 w= 8
0.607397525564 0.130867491829 0.130867491829 0.130867491829
0.0164197322293 0.0164197322293 0.950740800259 0.0164197322293
0.0164197322293 0.0164197322293 0.950740800259 0.0164197322293
0.859714959445 0.0164197322293 0.0164197322293 0.107445573043
0.0164197322293 0.0164197322293 0.950740800259 0.0164197322293
0.582607237811 0.0164197322293 0.105193402905 0.295779624002
0.304847572189 0.0164197322293 0.389709578941 0.289023113588
0.320765806805 0.135637619298 0.407958947291 0.135637619298
MOTIF SRSF2.10.M332_0.6
letter-probability matrix: alength= 4 w= 10
0.0689655172414 0.01 0.206896551724 0.714137931034
0.01 0.01 0.97 0.01
0.0689655172414 0.01 0.01 0.911034482759
0.0344827586207 0.01 0.01 0.945517241379
0.01 0.97 0.01 0.01
0.01 0.531724137931 0.448275862069 0.01
0.921034482759 0.01 0.0344827586207 0.0344827586207
0.01 0.01 0.97 0.01
0.586206896552 0.103448275862 0.0344827586207 0.275862068966
0.172413793103 0.0344827586207 0.137931034483 0.655172413793
MOTIF SRSF2.7.1176
letter-probability matrix: alength= 4 w= 7
0.00961538461538 0.00961538461538 0.00961538461538 0.971153846154
0.00961538461538 0.00961538461538 0.971153846154 0.00961538461538
0.00961538461538 0.971153846154 0.00961538461538 0.00961538461538
0.00961538461538 0.00961538461538 0.00961538461538 0.971153846154
0.00961538461538 0.00961538461538 0.971153846154 0.00961538461538
0.00961538461538 0.00961538461538 0.00961538461538 0.971153846154
0.00961538461538 0.00961538461538 0.00961538461538 0.971153846154
MOTIF SRSF2.11.s56
letter-probability matrix: alength= 4 w= 11
0.00124378109453 0.00124378109453 0.996268656716 0.00124378109453
0.25 0.00124378109453 0.25 0.498756218905
0.374378109453 0.00124378109453 0.00124378109453 0.623134328358
0.498756218905 0.00124378109453 0.00124378109453 0.498756218905
0.00124378109453 0.996268656716 0.00124378109453 0.00124378109453
0.00124378109453 0.871890547264 0.125621890547 0.00124378109453
0.498756218905 0.125621890547 0.00124378109453 0.374378109453
0.00124378109453 0.00124378109453 0.996268656716 0.00124378109453
0.00124378109453 0.623134328358 0.00124378109453 0.374378109453
0.125621890547 0.125621890547 0.00124378109453 0.747512437811
0.871890547264 0.125621890547 0.00124378109453 0.00124378109453
MOTIF SRSF2.7.s37
letter-probability matrix: alength= 4 w= 7
0.00490196078431 0.00490196078431 0.00490196078431 0.985294117647
0.00490196078431 0.00490196078431 0.985294117647 0.00490196078431
0.00490196078431 0.985294117647 0.00490196078431 0.00490196078431
0.00490196078431 0.495098039216 0.495098039216 0.00490196078431
0.00490196078431 0.00490196078431 0.985294117647 0.00490196078431
0.00490196078431 0.495098039216 0.00490196078431 0.495098039216
0.00490196078431 0.985294117647 0.00490196078431 0.00490196078431
MOTIF SRSF2.9.M352_0.6
letter-probability matrix: alength= 4 w= 9
0.884615384615 0.0384615384615 0.0384615384615 0.0384615384615
0.0384615384615 0.0384615384615 0.913076923077 0.01
0.0384615384615 0.461538461538 0.49 0.01
0.797692307692 0.153846153846 0.0384615384615 0.01
0.01 0.01 0.97 0.01
0.730769230769 0.0769230769231 0.0384615384615 0.153846153846
0.115384615385 0.01 0.836153846154 0.0384615384615
0.230769230769 0.0384615384615 0.192307692308 0.538461538462
0.461538461538 0.0769230769231 0.115384615385 0.346153846154
MOTIF SRSF2.10.1169
letter-probability matrix: alength= 4 w= 10
0.00961538461538 0.971153846154 0.00961538461538 0.00961538461538
0.00961538461538 0.00961538461538 0.00961538461538 0.971153846154
0.971153846154 0.00961538461538 0.00961538461538 0.00961538461538
0.00961538461538 0.00961538461538 0.971153846154 0.00961538461538
0.971153846154 0.00961538461538 0.00961538461538 0.00961538461538
0.00961538461538 0.971153846154 0.00961538461538 0.00961538461538
0.00961538461538 0.00961538461538 0.00961538461538 0.971153846154
0.971153846154 0.00961538461538 0.00961538461538 0.00961538461538
0.00961538461538 0.00961538461538 0.971153846154 0.00961538461538
0.971153846154 0.00961538461538 0.00961538461538 0.00961538461538
MOTIF SRSF2.8.1334
letter-probability matrix: alength= 4 w= 8
0.000156152404747 0.000156152404747 0.999531542786 0.000156152404747
0.499843847595 0.000156152404747 0.499843847595 0.000156152404747
0.000156152404747 0.499843847595 0.000156152404747 0.499843847595
0.000156152404747 0.499843847595 0.000156152404747 0.499843847595
0.499843847595 0.499843847595 0.000156152404747 0.000156152404747
0.000156152404747 0.999531542786 0.000156152404747 0.000156152404747
0.000156152404747 0.499843847595 0.000156152404747 0.499843847595
0.499843847595 0.000156152404747 0.499843847595 0.000156152404747
MOTIF SRSF2.8.1323
letter-probability matrix: alength= 4 w= 8
0.00961538461538 0.00961538461538 0.971153846154 0.00961538461538
0.00961538461538 0.00961538461538 0.971153846154 0.00961538461538
0.00961538461538 0.971153846154 0.00961538461538 0.00961538461538
0.00961538461538 0.00961538461538 0.00961538461538 0.971153846154
0.00961538461538 0.00961538461538 0.971153846154 0.00961538461538
0.00961538461538 0.971153846154 0.00961538461538 0.00961538461538
0.971153846154 0.00961538461538 0.00961538461538 0.00961538461538
0.971153846154 0.00961538461538 0.00961538461538 0.00961538461538
MOTIF SRSF2.7.1348
letter-probability matrix: alength= 4 w= 7
0.00961538461538 0.00961538461538 0.00961538461538 0.971153846154
0.00961538461538 0.00961538461538 0.971153846154 0.00961538461538
0.00961538461538 0.971153846154 0.00961538461538 0.00961538461538
0.00961538461538 0.971153846154 0.00961538461538 0.00961538461538
0.00961538461538 0.00961538461538 0.971153846154 0.00961538461538
0.00961538461538 0.00961538461538 0.00961538461538 0.971153846154
0.00961538461538 0.00961538461538 0.00961538461538 0.971153846154
MOTIF SRSF2.4.1363
letter-probability matrix: alength= 4 w= 4
0.00961538461538 0.00961538461538 0.00961538461538 0.971153846154
0.00961538461538 0.00961538461538 0.00961538461538 0.971153846154
0.971153846154 0.00961538461538 0.00961538461538 0.00961538461538
0.00961538461538 0.00961538461538 0.971153846154 0.00961538461538
MOTIF SRSF2.12.1344
letter-probability matrix: alength= 4 w= 12
0.971153846154 0.00961538461538 0.00961538461538 0.00961538461538
0.00961538461538 0.00961538461538 0.971153846154 0.00961538461538
0.971153846154 0.00961538461538 0.00961538461538 0.00961538461538
0.00961538461538 0.00961538461538 0.971153846154 0.00961538461538
0.00961538461538 0.00961538461538 0.971153846154 0.00961538461538
0.971153846154 0.00961538461538 0.00961538461538 0.00961538461538
0.971153846154 0.00961538461538 0.00961538461538 0.00961538461538
0.00961538461538 0.00961538461538 0.971153846154 0.00961538461538
0.00961538461538 0.00961538461538 0.971153846154 0.00961538461538
0.00961538461538 0.971153846154 0.00961538461538 0.00961538461538
0.00961538461538 0.00961538461538 0.971153846154 0.00961538461538
0.971153846154 0.00961538461538 0.00961538461538 0.00961538461538
MOTIF SRSF2.9.1395
letter-probability matrix: alength= 4 w= 9
0.00961538461538 0.00961538461538 0.971153846154 0.00961538461538
0.971153846154 0.00961538461538 0.00961538461538 0.00961538461538
0.971153846154 0.00961538461538 0.00961538461538 0.00961538461538
0.971153846154 0.00961538461538 0.00961538461538 0.00961538461538
0.00961538461538 0.00961538461538 0.971153846154 0.00961538461538
0.00961538461538 0.00961538461538 0.971153846154 0.00961538461538
0.971153846154 0.00961538461538 0.00961538461538 0.00961538461538
0.00961538461538 0.00961538461538 0.971153846154 0.00961538461538
0.971153846154 0.00961538461538 0.00961538461538 0.00961538461538
MOTIF SRSF2.8.1311
letter-probability matrix: alength= 4 w= 8
0.00961538461538 0.00961538461538 0.971153846154 0.00961538461538
0.971153846154 0.00961538461538 0.00961538461538 0.00961538461538
0.00961538461538 0.971153846154 0.00961538461538 0.00961538461538
0.00961538461538 0.971153846154 0.00961538461538 0.00961538461538
0.00961538461538 0.971153846154 0.00961538461538 0.00961538461538
0.00961538461538 0.00961538461538 0.971153846154 0.00961538461538
0.00961538461538 0.971153846154 0.00961538461538 0.00961538461538
0.971153846154 0.00961538461538 0.00961538461538 0.00961538461538
MOTIF SRSF2.9.1380
letter-probability matrix: alength= 4 w= 9
0.00961538461538 0.00961538461538 0.00961538461538 0.971153846154
0.00961538461538 0.00961538461538 0.971153846154 0.00961538461538
0.971153846154 0.00961538461538 0.00961538461538 0.00961538461538
0.00961538461538 0.00961538461538 0.00961538461538 0.971153846154
0.00961538461538 0.00961538461538 0.971153846154 0.00961538461538
0.00961538461538 0.00961538461538 0.971153846154 0.00961538461538
0.971153846154 0.00961538461538 0.00961538461538 0.00961538461538
0.00961538461538 0.00961538461538 0.971153846154 0.00961538461538
0.971153846154 0.00961538461538 0.00961538461538 0.00961538461538
MOTIF SRSF2.6.1357
letter-probability matrix: alength= 4 w= 6
0.971153846154 0.00961538461538 0.00961538461538 0.00961538461538
0.00961538461538 0.00961538461538 0.971153846154 0.00961538461538
0.971153846154 0.00961538461538 0.00961538461538 0.00961538461538
0.00961538461538 0.00961538461538 0.00961538461538 0.971153846154
0.00961538461538 0.971153846154 0.00961538461538 0.00961538461538
0.00961538461538 0.971153846154 0.00961538461538 0.00961538461538
MOTIF SRSF2.9.1352
letter-probability matrix: alength= 4 w= 9
0.00961538461538 0.00961538461538 0.971153846154 0.00961538461538
0.971153846154 0.00961538461538 0.00961538461538 0.00961538461538
0.971153846154 0.00961538461538 0.00961538461538 0.00961538461538
0.00961538461538 0.00961538461538 0.971153846154 0.00961538461538
0.971153846154 0.00961538461538 0.00961538461538 0.00961538461538
0.971153846154 0.00961538461538 0.00961538461538 0.00961538461538
0.00961538461538 0.00961538461538 0.971153846154 0.00961538461538
0.971153846154 0.00961538461538 0.00961538461538 0.00961538461538
0.971153846154 0.00961538461538 0.00961538461538 0.00961538461538
